 5.00000000e+01 1.40000000e+02
 9.00000000e+01 2.60000000e+02
 1.45000000e+02 3.55000000e+02
 4.10000000e+02 4.00000000e+02
 4.20000000e+02 4.50000000e+02
 4.90000000e+02 4.55000000e+02
 6.05000000e+02 5.10000000e+02
 7.85000000e+02 5.45000000e+02
 8.45000000e+02 6.40000000e+02
 8.80000000e+02 7.30000000e+02
 9.55000000e+02 7.80000000e+02
 1.01000000e+03 7.25000000e+02
 1.04500000e+03 7.45000000e+02
 1.18500000e+03 7.80000000e+02
 1.20500000e+03 8.50000000e+02
 1.32000000e+03 9.45000000e+02
 1.46500000e+03 1.01500000e+03
 1.59000000e+03 1.06500000e+03
 1.68000000e+03 1.20500000e+03
 1.76000000e+03 1.25000000e+03
 1.86000000e+03 1.35000000e+03
 1.93000000e+03 1.44000000e+03
 1.99000000e+03 1.63500000e+03
 2.03500000e+03 1.66500000e+03
 2.17000000e+03 1.83500000e+03
 2.23000000e+03 1.87000000e+03
 2.31000000e+03 1.90000000e+03
 2.30500000e+03 1.98000000e+03
 2.37000000e+03 2.02500000e+03
 2.44000000e+03 2.07500000e+03
 2.54000000e+03 2.12500000e+03
 2.60500000e+03 2.12500000e+03
 2.67000000e+03 2.27500000e+03
 2.71000000e+03 2.40500000e+03
 2.81500000e+03 2.46000000e+03
 2.85000000e+03 2.44000000e+03
 3.02000000e+03 2.48500000e+03
 3.05500000e+03 2.62000000e+03
 3.05500000e+03 2.68500000e+03
 3.22500000e+03 2.76000000e+03
 3.27500000e+03 2.80500000e+03
 3.37500000e+03 2.85000000e+03
 3.42500000e+03 2.93000000e+03
 3.52500000e+03 2.99500000e+03
 3.56000000e+03 3.04000000e+03
 3.54000000e+03 3.07500000e+03
 3.56000000e+03 3.13000000e+03
 3.61000000e+03 3.21000000e+03
 3.71500000e+03 3.28000000e+03
 3.80500000e+03 3.36000000e+03
 3.84000000e+03 3.30500000e+03
 3.89000000e+03 3.32000000e+03
 4.06000000e+03 3.48000000e+03
 4.15500000e+03 3.47000000e+03
 4.20000000e+03 3.52000000e+03
 4.31500000e+03 3.59500000e+03
 4.41500000e+03 3.61000000e+03
 4.48000000e+03 3.62500000e+03
 4.59000000e+03 3.69000000e+03
 4.65500000e+03 3.80000000e+03
 4.70000000e+03 3.95000000e+03
 4.78500000e+03 4.13500000e+03
 4.85000000e+03 4.25000000e+03
 4.95500000e+03 4.36000000e+03
 5.05000000e+03 4.41500000e+03
 5.10500000e+03 4.44000000e+03
 5.17000000e+03 4.52000000e+03
 5.21000000e+03 4.59000000e+03
 5.19000000e+03 4.64000000e+03
 5.21500000e+03 4.72500000e+03
 5.32000000e+03 4.84500000e+03
 5.37000000e+03 4.85000000e+03
 5.46500000e+03 4.87500000e+03
 5.52000000e+03 4.94000000e+03
 5.61500000e+03 4.98500000e+03
 5.66000000e+03 5.10500000e+03
 5.69000000e+03 5.19000000e+03
 5.78000000e+03 5.30500000e+03
 5.89500000e+03 5.32500000e+03
 5.94500000e+03 5.27000000e+03
 6.00000000e+03 5.31000000e+03
 6.07500000e+03 5.30500000e+03
 6.16500000e+03 5.31000000e+03
 6.25000000e+03 5.36000000e+03
 6.34000000e+03 5.37000000e+03
 6.41000000e+03 5.44500000e+03
 6.47500000e+03 5.44000000e+03
 6.56500000e+03 5.49500000e+03
 6.51500000e+03 5.50000000e+03
 6.55500000e+03 5.55500000e+03
 6.59000000e+03 5.64500000e+03
 6.58500000e+03 5.71500000e+03
 6.70500000e+03 5.79000000e+03
 6.70000000e+03 5.85000000e+03
 6.74000000e+03 5.98500000e+03
 6.84000000e+03 6.05500000e+03
 6.91500000e+03 6.03500000e+03
 6.94000000e+03 6.12000000e+03
 6.98500000e+03 6.20000000e+03
 7.06500000e+03 6.40000000e+03
 7.23000000e+03 6.48000000e+03
 7.29500000e+03 6.47000000e+03
 7.23000000e+03 6.52000000e+03
 7.30000000e+03 6.58500000e+03
 7.42500000e+03 6.70000000e+03
 7.48500000e+03 6.70500000e+03
 7.57000000e+03 6.77000000e+03
 7.65000000e+03 6.84000000e+03
 7.71000000e+03 6.94500000e+03
 7.85000000e+03 7.03000000e+03
 7.89500000e+03 7.03500000e+03
 7.90500000e+03 7.07000000e+03
 7.99500000e+03 7.12500000e+03
 8.06000000e+03 7.18500000e+03
 8.15000000e+03 7.31500000e+03
 8.22500000e+03 7.41000000e+03
 8.28000000e+03 7.48500000e+03
 8.36000000e+03 7.47500000e+03
 8.37500000e+03 7.54000000e+03
 8.50000000e+03 7.59500000e+03
 8.56000000e+03 7.71000000e+03
 8.57500000e+03 7.75500000e+03
 8.63000000e+03 7.78000000e+03
 8.72000000e+03 7.86500000e+03
 8.88500000e+03 7.93000000e+03
 8.89500000e+03 7.98500000e+03
 8.96000000e+03 8.16500000e+03
 9.07000000e+03 8.22500000e+03
 9.10500000e+03 8.31000000e+03
 9.17500000e+03 8.45000000e+03
 9.24500000e+03 8.49500000e+03
 9.33000000e+03 8.56500000e+03
 9.37000000e+03 8.69000000e+03
 9.41500000e+03 8.74000000e+03
 9.47000000e+03 8.83500000e+03
 9.49000000e+03 8.92000000e+03
 9.65000000e+03 8.92000000e+03
 9.70000000e+03 9.00500000e+03
 9.76500000e+03 9.10500000e+03
 9.83000000e+03 9.16000000e+03
 9.89500000e+03 9.29000000e+03
 9.95500000e+03 9.27000000e+03
 1.01100000e+04 9.31000000e+03
 1.02550000e+04 9.37500000e+03
 1.03000000e+04 9.42000000e+03
 1.03450000e+04 9.43500000e+03
 1.04250000e+04 9.53000000e+03
 1.05100000e+04 9.61000000e+03
 1.05600000e+04 9.66000000e+03
 1.06300000e+04 9.69000000e+03
 1.06650000e+04 9.76000000e+03
 1.07450000e+04 9.82000000e+03
 1.07900000e+04 1.00450000e+04
 1.09700000e+04 1.01050000e+04
 1.10900000e+04 1.01450000e+04
 1.12700000e+04 1.02200000e+04
 1.13450000e+04 1.02600000e+04
 1.14300000e+04 1.04500000e+04
 1.14400000e+04 1.05050000e+04
 1.14400000e+04 1.05400000e+04
 1.14250000e+04 1.06100000e+04
 1.14050000e+04 1.06850000e+04
 1.14400000e+04 1.07000000e+04
 1.15900000e+04 1.08100000e+04
 1.17000000e+04 1.08700000e+04
 1.17000000e+04 1.09600000e+04
 1.17650000e+04 1.10150000e+04
 1.18050000e+04 1.11200000e+04
 1.18050000e+04 1.12400000e+04
 1.18700000e+04 1.13150000e+04
 1.19250000e+04 1.13750000e+04
 1.20600000e+04 1.14750000e+04
 1.21100000e+04 1.15400000e+04
 1.21900000e+04 1.16450000e+04
 1.22500000e+04 1.17200000e+04
 1.22900000e+04 1.17000000e+04
 1.24600000e+04 1.18100000e+04
 1.25100000e+04 1.18000000e+04
 1.26400000e+04 1.19250000e+04
 1.27750000e+04 1.20050000e+04
 1.28400000e+04 1.20500000e+04
 1.29800000e+04 1.21300000e+04
 1.30850000e+04 1.21650000e+04
 1.31450000e+04 1.22300000e+04
 1.32200000e+04 1.23500000e+04
 1.32400000e+04 1.24000000e+04
 1.32550000e+04 1.24800000e+04
 1.33550000e+04 1.25400000e+04
 1.33400000e+04 1.26400000e+04
 1.34100000e+04 1.27650000e+04
 1.34950000e+04 1.28100000e+04
 1.36200000e+04 1.28600000e+04
 1.36200000e+04 1.29100000e+04
 1.37500000e+04 1.29700000e+04
 1.38300000e+04 1.31400000e+04
 1.38650000e+04 1.31400000e+04
 1.39750000e+04 1.32650000e+04
 1.39850000e+04 1.33550000e+04
 1.40250000e+04 1.33550000e+04
 1.40750000e+04 1.33900000e+04
 1.42100000e+04 1.34300000e+04
 1.43650000e+04 1.34900000e+04
 1.44600000e+04 1.35600000e+04
 1.45900000e+04 1.36350000e+04
 1.47800000e+04 1.37000000e+04
 1.48550000e+04 1.37100000e+04
 1.49750000e+04 1.38700000e+04
 1.50400000e+04 1.40150000e+04
 1.50750000e+04 1.40000000e+04
 1.51850000e+04 1.40500000e+04
 1.52500000e+04 1.41850000e+04
 1.52900000e+04 1.43200000e+04
 1.54550000e+04 1.43350000e+04
 1.54750000e+04 1.43700000e+04
 1.55400000e+04 1.43550000e+04
 1.56200000e+04 1.44250000e+04
 1.57000000e+04 1.44400000e+04
 1.56950000e+04 1.45050000e+04
 1.57900000e+04 1.46550000e+04
 1.58900000e+04 1.46550000e+04
 1.59400000e+04 1.47700000e+04
 1.60100000e+04 1.48400000e+04
 1.60850000e+04 1.49500000e+04
 1.61100000e+04 1.50300000e+04
 1.61750000e+04 1.51350000e+04
 1.62750000e+04 1.51950000e+04
 1.63350000e+04 1.52300000e+04
 1.64800000e+04 1.53250000e+04
 1.65700000e+04 1.53450000e+04
 1.66500000e+04 1.54650000e+04
 1.66650000e+04 1.55050000e+04
 1.68150000e+04 1.55600000e+04
 1.68650000e+04 1.55950000e+04
 1.69000000e+04 1.56300000e+04
 1.69300000e+04 1.56750000e+04
 1.69800000e+04 1.56950000e+04
 1.70450000e+04 1.57850000e+04
 1.71100000e+04 1.58600000e+04
 1.71900000e+04 1.58800000e+04
 1.72550000e+04 1.60700000e+04
 1.72950000e+04 1.61450000e+04
 1.73250000e+04 1.61950000e+04
 1.74550000e+04 1.62850000e+04
 1.76250000e+04 1.63300000e+04
 1.77500000e+04 1.63450000e+04
 1.77750000e+04 1.63950000e+04
 1.78400000e+04 1.64400000e+04
 1.79350000e+04 1.65050000e+04
 1.79150000e+04 1.65400000e+04
 1.79550000e+04 1.65900000e+04
 1.80800000e+04 1.66550000e+04
 1.81050000e+04 1.67100000e+04
 1.80950000e+04 1.67550000e+04
 1.81150000e+04 1.68950000e+04
 1.82300000e+04 1.69650000e+04
 1.82650000e+04 1.70450000e+04
 1.82550000e+04 1.70800000e+04
 1.84600000e+04 1.71850000e+04
 1.85450000e+04 1.72400000e+04
 1.85800000e+04 1.72350000e+04
 1.86250000e+04 1.73300000e+04
 1.88650000e+04 1.73700000e+04
 1.89400000e+04 1.75450000e+04
 1.88950000e+04 1.75950000e+04
 1.89700000e+04 1.76500000e+04
 1.90200000e+04 1.76850000e+04
 1.91000000e+04 1.77700000e+04
 1.91250000e+04 1.78700000e+04
 1.91800000e+04 1.79000000e+04
 1.92500000e+04 1.79650000e+04
 1.92850000e+04 1.80150000e+04
 1.93200000e+04 1.79350000e+04
 1.93100000e+04 1.80750000e+04
 1.93850000e+04 1.80200000e+04
 1.94500000e+04 1.82000000e+04
 1.95250000e+04 1.82800000e+04
 1.95150000e+04 1.83350000e+04
 1.96000000e+04 1.84150000e+04
 1.96450000e+04 1.84650000e+04
 1.97800000e+04 1.85250000e+04
 1.98650000e+04 1.85850000e+04
 1.98400000e+04 1.86450000e+04
 1.98350000e+04 1.87200000e+04
 1.98400000e+04 1.87650000e+04
 1.98950000e+04 1.88800000e+04
 1.99550000e+04 1.89900000e+04
 2.00000000e+04 1.90950000e+04
 2.01850000e+04 1.91350000e+04
 2.02900000e+04 1.92300000e+04
 2.03950000e+04 1.93100000e+04
 2.04450000e+04 1.94300000e+04
 2.04800000e+04 1.95300000e+04
 2.04150000e+04 1.95750000e+04
 2.04750000e+04 1.96650000e+04
 2.04800000e+04 1.97300000e+04
 2.04400000e+04 1.98200000e+04
 2.04850000e+04 1.98950000e+04
 2.05350000e+04 1.98900000e+04
 2.06100000e+04 1.99400000e+04
 2.06650000e+04 1.99300000e+04
 2.07700000e+04 2.00050000e+04
 2.07700000e+04 2.01200000e+04
 2.08450000e+04 2.01100000e+04
 2.09700000e+04 2.01550000e+04
 2.10250000e+04 2.01650000e+04
 2.11650000e+04 2.02800000e+04
 2.13700000e+04 2.03450000e+04
 2.14350000e+04 2.04550000e+04
 2.14900000e+04 2.04300000e+04
 2.15750000e+04 2.04400000e+04
 2.16600000e+04 2.05550000e+04
 2.16450000e+04 2.06500000e+04
 2.17500000e+04 2.06400000e+04
 2.18800000e+04 2.07300000e+04
 2.19500000e+04 2.07550000e+04
 2.19950000e+04 2.07600000e+04
 2.21200000e+04 2.08600000e+04
 2.22150000e+04 2.09850000e+04
 2.22850000e+04 2.10550000e+04
 2.22200000e+04 2.11100000e+04
 2.22650000e+04 2.11350000e+04
 2.23200000e+04 2.11800000e+04
 2.23350000e+04 2.12800000e+04
 2.24050000e+04 2.13550000e+04
 2.25300000e+04 2.14200000e+04
 2.25550000e+04 2.16000000e+04
 2.26250000e+04 2.16100000e+04
 2.26500000e+04 2.16650000e+04
 2.27800000e+04 2.17350000e+04
 2.28450000e+04 2.17950000e+04
 2.29050000e+04 2.17800000e+04
 2.30000000e+04 2.19000000e+04
 2.30750000e+04 2.20000000e+04
 2.31500000e+04 2.21550000e+04
 2.32600000e+04 2.23000000e+04
 2.33400000e+04 2.23550000e+04
 2.34600000e+04 2.25300000e+04
 2.35200000e+04 2.25950000e+04
 2.36100000e+04 2.27150000e+04
 2.36400000e+04 2.28000000e+04
 2.38100000e+04 2.28750000e+04
 2.38100000e+04 2.29400000e+04
 2.38800000e+04 2.30500000e+04
 2.39150000e+04 2.31050000e+04
 2.39650000e+04 2.31050000e+04
 2.40650000e+04 2.32550000e+04
 2.41450000e+04 2.33550000e+04
 2.42600000e+04 2.34200000e+04
 2.42950000e+04 2.34800000e+04
 2.43450000e+04 2.35800000e+04
 2.43550000e+04 2.37050000e+04
 2.44300000e+04 2.37300000e+04
 2.43750000e+04 2.37800000e+04
 2.43800000e+04 2.38150000e+04
 2.43850000e+04 2.38500000e+04
 2.45800000e+04 2.39050000e+04
 2.46850000e+04 2.39550000e+04
 2.47650000e+04 2.41000000e+04
 2.48300000e+04 2.41500000e+04
 2.49150000e+04 2.42250000e+04
 2.49650000e+04 2.42750000e+04
 2.50600000e+04 2.43950000e+04
 2.51850000e+04 2.44850000e+04
 2.52600000e+04 2.45100000e+04
 2.52950000e+04 2.46200000e+04
 2.53750000e+04 2.47800000e+04
 2.54600000e+04 2.48200000e+04
 2.55150000e+04 2.49200000e+04
 2.55600000e+04 2.50800000e+04
 2.56900000e+04 2.51150000e+04
 2.57750000e+04 2.51950000e+04
 2.57750000e+04 2.52350000e+04
 2.58350000e+04 2.53050000e+04
 2.58900000e+04 2.52650000e+04
 2.60500000e+04 2.53250000e+04
 2.61050000e+04 2.53800000e+04
 2.61700000e+04 2.55000000e+04
 2.62450000e+04 2.55600000e+04
 2.63900000e+04 2.56750000e+04
 2.64450000e+04 2.57500000e+04
 2.65450000e+04 2.57900000e+04
 2.66100000e+04 2.58000000e+04
 2.66950000e+04 2.58300000e+04
 2.69050000e+04 2.58400000e+04
 2.69750000e+04 2.59650000e+04
 2.70200000e+04 2.60000000e+04
 2.71500000e+04 2.60150000e+04
 2.72600000e+04 2.60400000e+04
 2.73150000e+04 2.61200000e+04
 2.73750000e+04 2.62300000e+04
 2.74550000e+04 2.62450000e+04
 2.77050000e+04 2.62800000e+04
 2.77600000e+04 2.63400000e+04
 2.79250000e+04 2.64700000e+04
 2.79100000e+04 2.65350000e+04
 2.79950000e+04 2.66000000e+04
 2.80350000e+04 2.67100000e+04
 2.80800000e+04 2.67850000e+04
 2.81450000e+04 2.69250000e+04
 2.82250000e+04 2.69850000e+04
 2.82750000e+04 2.71350000e+04
 2.83150000e+04 2.71700000e+04
 2.83950000e+04 2.72700000e+04
 2.84450000e+04 2.72500000e+04
 2.84300000e+04 2.73000000e+04
 2.84950000e+04 2.74250000e+04
 2.84950000e+04 2.74700000e+04
 2.86500000e+04 2.75450000e+04
 2.86700000e+04 2.76400000e+04
 2.87900000e+04 2.76850000e+04
 2.88400000e+04 2.76600000e+04
 2.88850000e+04 2.77150000e+04
 2.89500000e+04 2.77500000e+04
 2.90350000e+04 2.77700000e+04
 2.91550000e+04 2.78850000e+04
 2.93050000e+04 2.79700000e+04
 2.94550000e+04 2.80350000e+04
 2.95050000e+04 2.80600000e+04
 2.95650000e+04 2.80800000e+04
 2.95500000e+04 2.81700000e+04
 2.96700000e+04 2.82300000e+04
 2.97500000e+04 2.83450000e+04
 2.98200000e+04 2.84350000e+04
 2.99400000e+04 2.85000000e+04
 2.99900000e+04 2.86200000e+04
 3.00400000e+04 2.86800000e+04
 3.01050000e+04 2.87400000e+04
 3.01650000e+04 2.87550000e+04
 3.02250000e+04 2.88000000e+04
 3.02650000e+04 2.88800000e+04
 3.02450000e+04 2.89500000e+04
 3.04050000e+04 2.89750000e+04
 3.04550000e+04 2.89400000e+04
 3.04750000e+04 2.90200000e+04
 3.04850000e+04 2.91300000e+04
 3.05400000e+04 2.92600000e+04
 3.05700000e+04 2.93200000e+04
 3.06900000e+04 2.94200000e+04
 3.07550000e+04 2.95150000e+04
 3.08700000e+04 2.95950000e+04
 3.10000000e+04 2.96400000e+04
 3.10600000e+04 2.97350000e+04
 3.10750000e+04 2.98000000e+04
 3.11900000e+04 2.98400000e+04
 3.12350000e+04 2.98750000e+04
 3.12750000e+04 2.99100000e+04
 3.13550000e+04 2.99950000e+04
 3.15250000e+04 3.00850000e+04
 3.15950000e+04 3.00750000e+04
 3.16600000e+04 3.00750000e+04
 3.17150000e+04 3.02350000e+04
 3.17650000e+04 3.03150000e+04
 3.19150000e+04 3.03650000e+04
 3.19350000e+04 3.04300000e+04
 3.21200000e+04 3.04700000e+04
 3.22100000e+04 3.04650000e+04
 3.22500000e+04 3.05400000e+04
 3.23100000e+04 3.06150000e+04
 3.24250000e+04 3.07000000e+04
 3.24200000e+04 3.07500000e+04
 3.24300000e+04 3.08300000e+04
 3.24850000e+04 3.08800000e+04
 3.24550000e+04 3.09150000e+04
 3.25000000e+04 3.08650000e+04
 3.24650000e+04 3.09150000e+04
 3.25050000e+04 3.09850000e+04
 3.24950000e+04 3.10650000e+04
 3.25550000e+04 3.12550000e+04
 3.26350000e+04 3.13150000e+04
 3.26300000e+04 3.13850000e+04
 3.26350000e+04 3.14550000e+04
 3.26850000e+04 3.15300000e+04
 3.27450000e+04 3.16100000e+04
 3.28000000e+04 3.16700000e+04
 3.29600000e+04 3.17600000e+04
 3.29600000e+04 3.17950000e+04
 3.30250000e+04 3.18600000e+04
 3.29950000e+04 3.19100000e+04
 3.30650000e+04 3.19550000e+04
 3.31550000e+04 3.20300000e+04
 3.31250000e+04 3.21150000e+04
 3.32050000e+04 3.20650000e+04
 3.33050000e+04 3.21050000e+04
 3.33850000e+04 3.22700000e+04
 3.33800000e+04 3.23050000e+04
 3.34350000e+04 3.24550000e+04
 3.34250000e+04 3.24900000e+04
 3.34100000e+04 3.25250000e+04
 3.34750000e+04 3.26350000e+04
 3.36000000e+04 3.27250000e+04
 3.36550000e+04 3.27450000e+04
 3.37200000e+04 3.28000000e+04
 3.37900000e+04 3.28500000e+04
 3.39350000e+04 3.29300000e+04
 3.39500000e+04 3.29900000e+04
 3.39800000e+04 3.30600000e+04
 3.40600000e+04 3.31400000e+04
 3.41150000e+04 3.31050000e+04
 3.42800000e+04 3.32100000e+04
 3.43450000e+04 3.33550000e+04
 3.44200000e+04 3.34050000e+04
 3.45400000e+04 3.35000000e+04
 3.45850000e+04 3.36150000e+04
 3.46150000e+04 3.36600000e+04
 3.46100000e+04 3.37100000e+04
 3.46350000e+04 3.37650000e+04
 3.46700000e+04 3.38100000e+04
 3.47450000e+04 3.39050000e+04
 3.49000000e+04 3.39450000e+04
 3.49500000e+04 3.39450000e+04
 3.50500000e+04 3.40750000e+04
 3.50850000e+04 3.41950000e+04
 3.51050000e+04 3.43150000e+04
 3.52000000e+04 3.44200000e+04
 3.52600000e+04 3.45400000e+04
 3.52800000e+04 3.46150000e+04
 3.52900000e+04 3.46500000e+04
 3.53900000e+04 3.48250000e+04
 3.54850000e+04 3.48850000e+04
 3.56250000e+04 3.50700000e+04
 3.56400000e+04 3.51300000e+04
 3.56800000e+04 3.51950000e+04
 3.58300000e+04 3.52450000e+04
 3.58550000e+04 3.52950000e+04
 3.59350000e+04 3.53150000e+04
 3.59950000e+04 3.52900000e+04
 3.60300000e+04 3.53300000e+04
 3.60900000e+04 3.53000000e+04
 3.61500000e+04 3.53450000e+04
 3.61500000e+04 3.54200000e+04
 3.61000000e+04 3.54700000e+04
 3.61550000e+04 3.56500000e+04
 3.62300000e+04 3.57600000e+04
 3.62300000e+04 3.58500000e+04
 3.63350000e+04 3.58300000e+04
 3.64400000e+04 3.59000000e+04
 3.64900000e+04 3.59350000e+04
 3.66250000e+04 3.60650000e+04
 3.66500000e+04 3.61650000e+04
 3.67750000e+04 3.62450000e+04
 3.68300000e+04 3.63250000e+04
 3.68850000e+04 3.63500000e+04
 3.69800000e+04 3.65500000e+04
 3.69850000e+04 3.67000000e+04
 3.70600000e+04 3.67250000e+04
 3.70850000e+04 3.67900000e+04
 3.71750000e+04 3.68250000e+04
 3.72050000e+04 3.68750000e+04
 3.73600000e+04 3.69550000e+04
 3.74700000e+04 3.70150000e+04
 3.76000000e+04 3.71150000e+04
 3.76150000e+04 3.72150000e+04
 3.77550000e+04 3.73100000e+04
 3.78100000e+04 3.73700000e+04
 3.78400000e+04 3.74350000e+04
 3.78800000e+04 3.75250000e+04
 3.79600000e+04 3.77350000e+04
 3.80300000e+04 3.78150000e+04
 3.80850000e+04 3.79750000e+04
 3.81400000e+04 3.79900000e+04
 3.82350000e+04 3.80600000e+04
 3.82650000e+04 3.81050000e+04
 3.82400000e+04 3.81600000e+04
 3.82900000e+04 3.83200000e+04
 3.83450000e+04 3.84200000e+04
 3.83800000e+04 3.84800000e+04
 3.84050000e+04 3.85550000e+04
 3.84550000e+04 3.85500000e+04
 3.84450000e+04 3.86000000e+04
 3.85600000e+04 3.86600000e+04
 3.85700000e+04 3.87050000e+04
 3.85800000e+04 3.87100000e+04
 3.86450000e+04 3.87550000e+04
 3.87300000e+04 3.88150000e+04
 3.87700000e+04 3.88700000e+04
 3.88050000e+04 3.88550000e+04
 3.88500000e+04 3.88850000e+04
 3.89200000e+04 3.89050000e+04
 3.89900000e+04 3.90550000e+04
 3.91100000e+04 3.91000000e+04
 3.93000000e+04 3.91650000e+04
 3.94150000e+04 3.92700000e+04
 3.94400000e+04 3.93250000e+04
 3.95100000e+04 3.93300000e+04
 3.95400000e+04 3.94850000e+04
 3.96150000e+04 3.94800000e+04
 3.97950000e+04 3.94700000e+04
 3.98350000e+04 3.95050000e+04
 3.99650000e+04 3.95050000e+04
 3.99950000e+04 3.95700000e+04
 3.99750000e+04 3.96550000e+04
 4.00650000e+04 3.97850000e+04
 4.01450000e+04 3.98650000e+04
 4.02900000e+04 4.00250000e+04
 4.04200000e+04 4.01350000e+04
 4.05100000e+04 4.01850000e+04
 4.05750000e+04 4.04250000e+04
 4.06050000e+04 4.05450000e+04
 4.07850000e+04 4.06250000e+04
 4.08750000e+04 4.06850000e+04
 4.09800000e+04 4.07850000e+04
 4.09850000e+04 4.08400000e+04
 4.10900000e+04 4.09650000e+04
 4.10350000e+04 4.10350000e+04
 4.10800000e+04 4.10800000e+04
 4.11250000e+04 4.10950000e+04
 4.11900000e+04 4.11350000e+04
 4.13050000e+04 4.12800000e+04
 4.13850000e+04 4.13250000e+04
 4.14450000e+04 4.13300000e+04
 4.15600000e+04 4.13700000e+04
 4.15950000e+04 4.15550000e+04
 4.17750000e+04 4.16900000e+04
 4.18250000e+04 4.16800000e+04
 4.18800000e+04 4.16350000e+04
 4.19300000e+04 4.16900000e+04
 4.19200000e+04 4.17250000e+04
 4.19400000e+04 4.17600000e+04
 4.19900000e+04 4.18600000e+04
 4.20900000e+04 4.19600000e+04
 4.22050000e+04 4.21150000e+04
 4.22100000e+04 4.21950000e+04
 4.22350000e+04 4.22600000e+04
 4.23450000e+04 4.23300000e+04
 4.23950000e+04 4.25200000e+04
 4.24800000e+04 4.26250000e+04
 4.25400000e+04 4.27150000e+04
 4.24900000e+04 4.28300000e+04
 4.27150000e+04 4.28900000e+04
 4.28000000e+04 4.29550000e+04
 4.28600000e+04 4.30550000e+04
 4.30150000e+04 4.31000000e+04
 4.31450000e+04 4.31500000e+04
 4.32400000e+04 4.32050000e+04
 4.33100000e+04 4.32950000e+04
 4.33350000e+04 4.34050000e+04
 4.33850000e+04 4.34550000e+04
 4.35350000e+04 4.35000000e+04
 4.35750000e+04 4.35400000e+04
 4.37300000e+04 4.36550000e+04
 4.37600000e+04 4.37150000e+04
 4.38000000e+04 4.38250000e+04
 4.39200000e+04 4.39100000e+04
 4.39350000e+04 4.39550000e+04
 4.39200000e+04 4.40500000e+04
 4.39100000e+04 4.41500000e+04
 4.39800000e+04 4.42050000e+04
 4.40250000e+04 4.42950000e+04
 4.41600000e+04 4.44500000e+04
 4.43100000e+04 4.45750000e+04
 4.43800000e+04 4.46100000e+04
 4.44800000e+04 4.47050000e+04
 4.45600000e+04 4.47550000e+04
 4.46050000e+04 4.48100000e+04
 4.46600000e+04 4.48700000e+04
 4.48000000e+04 4.49250000e+04
 4.49500000e+04 4.50250000e+04
 4.50300000e+04 4.50700000e+04
 4.50650000e+04 4.50850000e+04
 4.52250000e+04 4.51550000e+04
 4.52100000e+04 4.52050000e+04
 4.53200000e+04 4.53150000e+04
 4.53850000e+04 4.53900000e+04
 4.54600000e+04 4.54600000e+04
 4.55250000e+04 4.55350000e+04
 4.56400000e+04 4.56750000e+04
 4.57100000e+04 4.57250000e+04
 4.57750000e+04 4.56950000e+04
 4.58250000e+04 4.57450000e+04
 4.58700000e+04 4.57450000e+04
 4.59600000e+04 4.58550000e+04
 4.60100000e+04 4.59050000e+04
 4.60150000e+04 4.59800000e+04
 4.60300000e+04 4.60550000e+04
 4.60650000e+04 4.62000000e+04
 4.61700000e+04 4.62250000e+04
 4.62100000e+04 4.62400000e+04
 4.62850000e+04 4.63000000e+04
 4.64200000e+04 4.63400000e+04
 4.65650000e+04 4.64250000e+04
 4.65600000e+04 4.64750000e+04
 4.67000000e+04 4.66250000e+04
 4.67550000e+04 4.66850000e+04
 4.69250000e+04 4.67600000e+04
 4.70550000e+04 4.68000000e+04
 4.70600000e+04 4.70100000e+04
 4.71200000e+04 4.70700000e+04
 4.71950000e+04 4.71900000e+04
 4.71700000e+04 4.72350000e+04
 4.73100000e+04 4.73050000e+04
 4.75000000e+04 4.73750000e+04
 4.74900000e+04 4.74250000e+04
 4.76200000e+04 4.74100000e+04
 4.76550000e+04 4.75100000e+04
 4.77700000e+04 4.76650000e+04
 4.77900000e+04 4.77450000e+04
 4.78800000e+04 4.78150000e+04
 4.79850000e+04 4.79450000e+04
 4.80750000e+04 4.80800000e+04
 4.81800000e+04 4.81750000e+04
 4.81800000e+04 4.82350000e+04
 4.83350000e+04 4.82500000e+04
 4.84550000e+04 4.84000000e+04
 4.85200000e+04 4.83900000e+04
 4.85350000e+04 4.84500000e+04
 4.84950000e+04 4.85150000e+04
 4.87500000e+04 4.85900000e+04
 4.88100000e+04 4.86200000e+04
 4.88250000e+04 4.86550000e+04
 4.88950000e+04 4.86750000e+04
 4.89600000e+04 4.87550000e+04
 4.91100000e+04 4.88600000e+04
 4.91650000e+04 4.89950000e+04
 4.91250000e+04 4.90450000e+04
 4.93000000e+04 4.91250000e+04
 4.94550000e+04 4.92000000e+04
 4.95500000e+04 4.92750000e+04
 4.96000000e+04 4.93050000e+04
 4.97450000e+04 4.94000000e+04
 4.98400000e+04 4.94850000e+04
 4.99550000e+04 4.96050000e+04
 5.00350000e+04 4.97950000e+04
 5.00800000e+04 4.98850000e+04
 5.01300000e+04 4.99450000e+04
 5.02450000e+04 4.99650000e+04
 5.03150000e+04 5.00900000e+04
 5.03750000e+04 5.01000000e+04
 5.04600000e+04 5.01050000e+04
 5.05600000e+04 5.01950000e+04
 5.06200000e+04 5.02350000e+04
 5.06650000e+04 5.02450000e+04
 5.06700000e+04 5.02900000e+04
 5.07450000e+04 5.03750000e+04
 5.07700000e+04 5.04100000e+04
 5.07600000e+04 5.04450000e+04
 5.08250000e+04 5.05450000e+04
 5.08750000e+04 5.06000000e+04
 5.09400000e+04 5.06300000e+04
 5.08850000e+04 5.06850000e+04
 5.09750000e+04 5.07200000e+04
 5.10700000e+04 5.07550000e+04
 5.11050000e+04 5.07750000e+04
 5.11250000e+04 5.09050000e+04
 5.12800000e+04 5.10000000e+04
 5.14400000e+04 5.11300000e+04
 5.15100000e+04 5.11650000e+04
 5.17300000e+04 5.12050000e+04
 5.18600000e+04 5.12850000e+04
 5.18400000e+04 5.13750000e+04
 5.19150000e+04 5.14100000e+04
 5.21150000e+04 5.15200000e+04
 5.22050000e+04 5.16000000e+04
 5.23100000e+04 5.16600000e+04
 5.23300000e+04 5.17250000e+04
 5.24500000e+04 5.17600000e+04
 5.25650000e+04 5.17500000e+04
 5.26500000e+04 5.18300000e+04
 5.27200000e+04 5.19350000e+04
 5.28200000e+04 5.20400000e+04
 5.30750000e+04 5.20750000e+04
 5.31700000e+04 5.21100000e+04
 5.33350000e+04 5.21550000e+04
 5.33800000e+04 5.21900000e+04
 5.34500000e+04 5.21300000e+04
 5.34300000e+04 5.21950000e+04
 5.35050000e+04 5.23350000e+04
 5.35900000e+04 5.24750000e+04
 5.36900000e+04 5.26000000e+04
 5.37500000e+04 5.27250000e+04
 5.38000000e+04 5.28000000e+04
 5.38650000e+04 5.28650000e+04
 5.39450000e+04 5.28500000e+04
 5.41000000e+04 5.30050000e+04
 5.42100000e+04 5.30450000e+04
 5.43200000e+04 5.30700000e+04
 5.43250000e+04 5.31850000e+04
 5.43750000e+04 5.32500000e+04
 5.44450000e+04 5.33300000e+04
 5.45200000e+04 5.33950000e+04
 5.46250000e+04 5.34450000e+04
 5.46850000e+04 5.34850000e+04
 5.47300000e+04 5.35450000e+04
 5.48050000e+04 5.36150000e+04
 5.48700000e+04 5.36950000e+04
 5.49450000e+04 5.36950000e+04
 5.51400000e+04 5.36950000e+04
 5.51900000e+04 5.37250000e+04
 5.52700000e+04 5.37850000e+04
 5.53150000e+04 5.38750000e+04
 5.53850000e+04 5.39200000e+04
 5.54750000e+04 5.39850000e+04
 5.55150000e+04 5.40500000e+04
 5.55400000e+04 5.40850000e+04
 5.55750000e+04 5.41700000e+04
 5.56750000e+04 5.42200000e+04
 5.57450000e+04 5.43100000e+04
 5.58350000e+04 5.44650000e+04
 5.59750000e+04 5.45350000e+04
 5.60250000e+04 5.44700000e+04
 5.60850000e+04 5.45300000e+04
 5.61850000e+04 5.45800000e+04
 5.61900000e+04 5.46300000e+04
 5.62950000e+04 5.48000000e+04
 5.64050000e+04 5.48200000e+04
 5.64850000e+04 5.48600000e+04
 5.65500000e+04 5.49300000e+04
 5.64950000e+04 5.49650000e+04
 5.66000000e+04 5.51150000e+04
 5.65750000e+04 5.51600000e+04
 5.65900000e+04 5.52100000e+04
 5.66800000e+04 5.53250000e+04
 5.67900000e+04 5.53500000e+04
 5.67800000e+04 5.53900000e+04
 5.67900000e+04 5.54750000e+04
 5.68900000e+04 5.55400000e+04
 5.70100000e+04 5.56100000e+04
 5.70750000e+04 5.57850000e+04
 5.72350000e+04 5.58650000e+04
 5.73700000e+04 5.59350000e+04
 5.74000000e+04 5.60800000e+04
 5.75000000e+04 5.62850000e+04
 5.74850000e+04 5.63200000e+04
 5.75650000e+04 5.64600000e+04
 5.76200000e+04 5.66000000e+04
 5.77050000e+04 5.66850000e+04
 5.78900000e+04 5.67600000e+04
 5.78650000e+04 5.68000000e+04
 5.79450000e+04 5.69750000e+04
 5.78900000e+04 5.70250000e+04
 5.79000000e+04 5.70900000e+04
 5.80200000e+04 5.72000000e+04
 5.80300000e+04 5.73100000e+04
 5.81100000e+04 5.73850000e+04
 5.81550000e+04 5.74200000e+04
 5.81650000e+04 5.74600000e+04
 5.82800000e+04 5.75500000e+04
 5.84550000e+04 5.76050000e+04
 5.85050000e+04 5.76250000e+04
 5.86800000e+04 5.77000000e+04
 5.87350000e+04 5.77350000e+04
 5.88550000e+04 5.78100000e+04
 5.90200000e+04 5.78800000e+04
 5.90700000e+04 5.79600000e+04
 5.91850000e+04 5.80100000e+04
 5.92350000e+04 5.80450000e+04
 5.93000000e+04 5.80250000e+04
 5.93650000e+04 5.81000000e+04
 5.95450000e+04 5.82000000e+04
 5.95950000e+04 5.83100000e+04
 5.97000000e+04 5.84150000e+04
 5.98450000e+04 5.84800000e+04
 5.99050000e+04 5.86750000e+04
 6.00150000e+04 5.87550000e+04
 6.00700000e+04 5.88300000e+04
 6.01950000e+04 5.89850000e+04
 6.02350000e+04 5.90550000e+04
 6.02950000e+04 5.91100000e+04
 6.03450000e+04 5.91800000e+04
 6.04800000e+04 5.92250000e+04
 6.05450000e+04 5.92050000e+04
 6.07500000e+04 5.93200000e+04
 6.08850000e+04 5.93800000e+04
 6.08350000e+04 5.94150000e+04
 6.09300000e+04 5.94400000e+04
 6.09250000e+04 5.95300000e+04
 6.09600000e+04 5.95550000e+04
 6.09700000e+04 5.95900000e+04
 6.10600000e+04 5.96400000e+04
 6.11400000e+04 5.97800000e+04
 6.12100000e+04 5.98450000e+04
 6.12850000e+04 5.98450000e+04
 6.13400000e+04 5.99300000e+04
 6.14050000e+04 6.00550000e+04
 6.14500000e+04 6.00850000e+04
 6.15350000e+04 6.01450000e+04
 6.15900000e+04 6.02950000e+04
 6.16500000e+04 6.03300000e+04
 6.16000000e+04 6.03700000e+04
 6.16250000e+04 6.04650000e+04
 6.17050000e+04 6.05650000e+04
 6.18600000e+04 6.06400000e+04
 6.19200000e+04 6.07050000e+04
 6.20050000e+04 6.07400000e+04
 6.20450000e+04 6.08600000e+04
 6.21900000e+04 6.10100000e+04
 6.22900000e+04 6.11250000e+04
 6.23450000e+04 6.11450000e+04
 6.24800000e+04 6.11550000e+04
 6.25650000e+04 6.12800000e+04
 6.26000000e+04 6.12450000e+04
 6.27350000e+04 6.13600000e+04
 6.28650000e+04 6.14450000e+04
 6.29150000e+04 6.15100000e+04
 6.29500000e+04 6.15750000e+04
 6.31250000e+04 6.16700000e+04
 6.31750000e+04 6.17000000e+04
 6.32250000e+04 6.17250000e+04
 6.32600000e+04 6.17850000e+04
 6.33150000e+04 6.18350000e+04
 6.33600000e+04 6.20400000e+04
 6.34200000e+04 6.20000000e+04
 6.34650000e+04 6.21150000e+04
 6.36300000e+04 6.22350000e+04
 6.37500000e+04 6.23200000e+04
 6.37600000e+04 6.23850000e+04
 6.38800000e+04 6.24450000e+04
 6.39600000e+04 6.24500000e+04
 6.40750000e+04 6.25150000e+04
 6.41200000e+04 6.26050000e+04
 6.41800000e+04 6.26700000e+04
 6.42450000e+04 6.27700000e+04
 6.41950000e+04 6.28200000e+04
 6.42650000e+04 6.29200000e+04
 6.43150000e+04 6.29650000e+04
 6.44000000e+04 6.30250000e+04
 6.44750000e+04 6.31500000e+04
 6.45350000e+04 6.33000000e+04
 6.46350000e+04 6.33650000e+04
 6.46350000e+04 6.34600000e+04
 6.45650000e+04 6.35200000e+04
 6.47450000e+04 6.35500000e+04
 6.48500000e+04 6.35950000e+04
 6.48950000e+04 6.36500000e+04
 6.48800000e+04 6.36900000e+04
 6.49550000e+04 6.37700000e+04
 6.49800000e+04 6.39200000e+04
 6.50450000e+04 6.38800000e+04
 6.51950000e+04 6.39250000e+04
 6.52850000e+04 6.40050000e+04
 6.53400000e+04 6.40550000e+04
 6.53650000e+04 6.41200000e+04
 6.54800000e+04 6.43000000e+04
 6.56750000e+04 6.43600000e+04
 6.57350000e+04 6.43800000e+04
 6.58300000e+04 6.44200000e+04
 6.59250000e+04 6.45050000e+04
 6.59850000e+04 6.46150000e+04
 6.60550000e+04 6.47050000e+04
 6.61750000e+04 6.47450000e+04
 6.62550000e+04 6.49300000e+04
 6.63950000e+04 6.49800000e+04
 6.64050000e+04 6.50250000e+04
 6.64600000e+04 6.52450000e+04
 6.65600000e+04 6.54300000e+04
 6.66200000e+04 6.55850000e+04
 6.66450000e+04 6.56200000e+04
 6.67250000e+04 6.56600000e+04
 6.67700000e+04 6.57350000e+04
 6.69350000e+04 6.58250000e+04
 6.69700000e+04 6.57750000e+04
 6.70300000e+04 6.58500000e+04
 6.71050000e+04 6.59500000e+04
 6.70800000e+04 6.59950000e+04
 6.71600000e+04 6.60500000e+04
 6.72100000e+04 6.61500000e+04
 6.72500000e+04 6.61300000e+04
 6.73200000e+04 6.61700000e+04
 6.74800000e+04 6.62400000e+04
 6.75200000e+04 6.64000000e+04
 6.77200000e+04 6.64250000e+04
 6.77650000e+04 6.64950000e+04
 6.77850000e+04 6.65500000e+04
 6.78350000e+04 6.66300000e+04
 6.79800000e+04 6.66850000e+04
 6.80800000e+04 6.67550000e+04
 6.81150000e+04 6.68650000e+04
 6.82650000e+04 6.69200000e+04
 6.83800000e+04 6.70050000e+04
 6.84400000e+04 6.72300000e+04
 6.85300000e+04 6.74200000e+04
 6.86250000e+04 6.74650000e+04
 6.87150000e+04 6.75500000e+04
 6.87600000e+04 6.75250000e+04
 6.88050000e+04 6.77200000e+04
 6.88250000e+04 6.78250000e+04
 6.89050000e+04 6.78750000e+04
 6.90100000e+04 6.79900000e+04
 6.91050000e+04 6.80000000e+04
 6.90900000e+04 6.80350000e+04
 6.91300000e+04 6.81550000e+04
 6.93150000e+04 6.82200000e+04
 6.93600000e+04 6.83500000e+04
 6.94100000e+04 6.83850000e+04
 6.95000000e+04 6.84700000e+04
 6.95350000e+04 6.85200000e+04
 6.95600000e+04 6.85700000e+04
 6.96250000e+04 6.86800000e+04
 6.96600000e+04 6.87200000e+04
 6.97400000e+04 6.88850000e+04
 6.98600000e+04 6.89250000e+04
 6.98950000e+04 6.89550000e+04
 6.99200000e+04 6.90100000e+04
 6.99550000e+04 6.89600000e+04
 7.01000000e+04 6.90400000e+04
 7.01800000e+04 6.90250000e+04
 7.02450000e+04 6.90750000e+04
 7.02800000e+04 6.91750000e+04
 7.02550000e+04 6.92400000e+04
 7.03700000e+04 6.93950000e+04
 7.04650000e+04 6.95250000e+04
 7.05000000e+04 6.94900000e+04
 7.05300000e+04 6.95900000e+04
 7.05750000e+04 6.97050000e+04
 7.06350000e+04 6.97500000e+04
 7.06600000e+04 6.97500000e+04
 7.07900000e+04 6.98400000e+04
 7.09000000e+04 6.98800000e+04
 7.09250000e+04 6.99450000e+04
 7.11450000e+04 7.00100000e+04
 7.13100000e+04 7.00700000e+04
 7.12800000e+04 7.01500000e+04
 7.13950000e+04 7.02200000e+04
 7.15200000e+04 7.02800000e+04
 7.15750000e+04 7.03050000e+04
 7.16400000e+04 7.03900000e+04
 7.16800000e+04 7.04250000e+04
 7.18100000e+04 7.04300000e+04
 7.19800000e+04 7.04950000e+04
 7.21050000e+04 7.05050000e+04
 7.21600000e+04 7.04650000e+04
 7.21400000e+04 7.05300000e+04
 7.21350000e+04 7.05800000e+04
 7.22200000e+04 7.06850000e+04
 7.22700000e+04 7.07950000e+04
 7.23750000e+04 7.10000000e+04
 7.24650000e+04 7.10250000e+04
 7.26050000e+04 7.10800000e+04
 7.26550000e+04 7.11800000e+04
 7.26400000e+04 7.12200000e+04
 7.27250000e+04 7.12700000e+04
 7.28000000e+04 7.12950000e+04
 7.29350000e+04 7.13200000e+04
 7.29800000e+04 7.13550000e+04
 7.31000000e+04 7.15250000e+04
 7.33800000e+04 7.15800000e+04
 7.35200000e+04 7.16500000e+04
 7.34950000e+04 7.17550000e+04
 7.36400000e+04 7.18100000e+04
 7.36900000e+04 7.19200000e+04
 7.37700000e+04 7.19050000e+04
 7.39650000e+04 7.19150000e+04
 7.40850000e+04 7.20200000e+04
 7.41300000e+04 7.20800000e+04
 7.42350000e+04 7.21800000e+04
 7.42300000e+04 7.22150000e+04
 7.42950000e+04 7.22150000e+04
 7.43500000e+04 7.22750000e+04
 7.45500000e+04 7.23450000e+04
 7.46350000e+04 7.24650000e+04
 7.48100000e+04 7.25050000e+04
 7.49300000e+04 7.25900000e+04
 7.49350000e+04 7.26600000e+04
 7.48900000e+04 7.27350000e+04
 7.49900000e+04 7.28850000e+04
 7.49200000e+04 7.29200000e+04
 7.51150000e+04 7.30350000e+04
 7.50700000e+04 7.30800000e+04
 7.51200000e+04 7.30250000e+04
 7.52100000e+04 7.31300000e+04
 7.53550000e+04 7.32400000e+04
 7.54000000e+04 7.33350000e+04
 7.55050000e+04 7.34450000e+04
 7.55550000e+04 7.34450000e+04
 7.56050000e+04 7.34600000e+04
 7.56600000e+04 7.34400000e+04
 7.58850000e+04 7.35100000e+04
 7.60050000e+04 7.36700000e+04
 7.61450000e+04 7.37250000e+04
 7.62100000e+04 7.37300000e+04
 7.62050000e+04 7.37950000e+04
 7.62300000e+04 7.38400000e+04
 7.63700000e+04 7.39250000e+04
 7.64600000e+04 7.39900000e+04
 7.64700000e+04 7.40400000e+04
 7.64650000e+04 7.40950000e+04
 7.63750000e+04 7.41300000e+04
 7.64300000e+04 7.41100000e+04
 7.64850000e+04 7.40950000e+04
 7.65600000e+04 7.41300000e+04
 7.66600000e+04 7.42450000e+04
 7.68150000e+04 7.43650000e+04
 7.68150000e+04 7.44550000e+04
 7.69050000e+04 7.45800000e+04
 7.69550000e+04 7.45700000e+04
 7.70600000e+04 7.46550000e+04
 7.70500000e+04 7.47250000e+04
 7.70900000e+04 7.47750000e+04
 7.71250000e+04 7.47550000e+04
 7.72800000e+04 7.48900000e+04
 7.73950000e+04 7.49550000e+04
 7.73950000e+04 7.49900000e+04
 7.75200000e+04 7.51350000e+04
 7.74950000e+04 7.52300000e+04
 7.74700000e+04 7.52650000e+04
 7.75450000e+04 7.54500000e+04
 7.76100000e+04 7.54850000e+04
 7.76500000e+04 7.55300000e+04
 7.77100000e+04 7.56300000e+04
 7.78200000e+04 7.57350000e+04
 7.78600000e+04 7.57700000e+04
 7.78700000e+04 7.57750000e+04
 7.78850000e+04 7.58450000e+04
 7.79300000e+04 7.59850000e+04
 7.80200000e+04 7.60400000e+04
 7.80750000e+04 7.61050000e+04
 7.81850000e+04 7.61750000e+04
 7.82450000e+04 7.63700000e+04
 7.82850000e+04 7.64350000e+04
 7.82950000e+04 7.64950000e+04
 7.83850000e+04 7.65900000e+04
 7.85350000e+04 7.66850000e+04
 7.86450000e+04 7.67400000e+04
 7.87700000e+04 7.68750000e+04
 7.88600000e+04 7.69750000e+04
 7.89250000e+04 7.70100000e+04
 7.89550000e+04 7.70450000e+04
 7.91200000e+04 7.71250000e+04
 7.92450000e+04 7.72250000e+04
 7.93200000e+04 7.74250000e+04
 7.94600000e+04 7.75150000e+04
 7.95250000e+04 7.75500000e+04
 7.94900000e+04 7.76500000e+04
 7.95850000e+04 7.77000000e+04
 7.96450000e+04 7.78650000e+04
 7.96950000e+04 7.79350000e+04
 7.97200000e+04 7.80000000e+04
 7.98450000e+04 7.81600000e+04
 8.00100000e+04 7.82050000e+04
 8.00700000e+04 7.83100000e+04
 8.01200000e+04 7.83750000e+04
 8.02100000e+04 7.85300000e+04
 8.01600000e+04 7.85650000e+04
 8.02250000e+04 7.85550000e+04
 8.02600000e+04 7.86700000e+04
 8.03550000e+04 7.87100000e+04
 8.03900000e+04 7.87600000e+04
 8.04250000e+04 7.88150000e+04
 8.04950000e+04 7.90150000e+04
 8.05050000e+04 7.90750000e+04
 8.04850000e+04 7.91450000e+04
 8.06300000e+04 7.91950000e+04
 8.06950000e+04 7.92650000e+04
 8.08600000e+04 7.93450000e+04
 8.09600000e+04 7.94350000e+04
 8.10150000e+04 7.94850000e+04
 8.10650000e+04 7.94800000e+04
 8.12300000e+04 7.95400000e+04
 8.13100000e+04 7.97050000e+04
 8.13650000e+04 7.97100000e+04
 8.13550000e+04 7.97450000e+04
 8.13850000e+04 7.98000000e+04
 8.16200000e+04 7.99000000e+04
 8.17200000e+04 7.98950000e+04
 8.17900000e+04 7.99300000e+04
 8.19200000e+04 7.99650000e+04
 8.19700000e+04 8.00150000e+04
 8.20650000e+04 8.01450000e+04
 8.21750000e+04 8.02900000e+04
 8.21500000e+04 8.03350000e+04
 8.22450000e+04 8.04400000e+04
 8.23300000e+04 8.05400000e+04
 8.23600000e+04 8.05900000e+04
 8.24100000e+04 8.07400000e+04
 8.24650000e+04 8.08000000e+04
 8.24800000e+04 8.08650000e+04
 8.25000000e+04 8.08800000e+04
 8.25400000e+04 8.09800000e+04
 8.25450000e+04 8.10450000e+04
 8.26100000e+04 8.11700000e+04
 8.26450000e+04 8.12250000e+04
 8.26700000e+04 8.13450000e+04
 8.28150000e+04 8.14100000e+04
 8.29050000e+04 8.15000000e+04
 8.29800000e+04 8.15850000e+04
 8.30350000e+04 8.16800000e+04
 8.31750000e+04 8.17600000e+04
 8.32100000e+04 8.18100000e+04
 8.32800000e+04 8.18950000e+04
 8.34600000e+04 8.19950000e+04
 8.36400000e+04 8.20900000e+04
 8.37100000e+04 8.21400000e+04
 8.37800000e+04 8.22050000e+04
 8.38450000e+04 8.22700000e+04
 8.39450000e+04 8.23250000e+04
 8.40000000e+04 8.23050000e+04
 8.41400000e+04 8.23600000e+04
 8.41000000e+04 8.23950000e+04
 8.41750000e+04 8.24650000e+04
 8.42300000e+04 8.24550000e+04
 8.42400000e+04 8.25550000e+04
 8.42850000e+04 8.26000000e+04
 8.43350000e+04 8.25800000e+04
 8.45750000e+04 8.26250000e+04
 8.46100000e+04 8.26500000e+04
 8.46800000e+04 8.27350000e+04
 8.47650000e+04 8.27050000e+04
 8.48200000e+04 8.29050000e+04
 8.47750000e+04 8.29650000e+04
 8.50200000e+04 8.30100000e+04
 8.50900000e+04 8.31450000e+04
 8.52450000e+04 8.32450000e+04
 8.53200000e+04 8.32600000e+04
 8.54150000e+04 8.33050000e+04
 8.54550000e+04 8.33650000e+04
 8.56550000e+04 8.34500000e+04
 8.58500000e+04 8.35500000e+04
 8.59350000e+04 8.36800000e+04
 8.59750000e+04 8.37400000e+04
 8.60850000e+04 8.38200000e+04
 8.61600000e+04 8.40000000e+04
 8.61600000e+04 8.40450000e+04
 8.62800000e+04 8.40700000e+04
 8.64100000e+04 8.41300000e+04
 8.64750000e+04 8.42000000e+04
 8.65400000e+04 8.42600000e+04
 8.66350000e+04 8.43300000e+04
 8.68700000e+04 8.44200000e+04
 8.69600000e+04 8.44300000e+04
 8.71400000e+04 8.45000000e+04
 8.72950000e+04 8.45800000e+04
 8.72650000e+04 8.46600000e+04
 8.74200000e+04 8.47250000e+04
 8.74950000e+04 8.48250000e+04
 8.75850000e+04 8.49550000e+04
 8.76350000e+04 8.49350000e+04
 8.77200000e+04 8.50200000e+04
 8.77600000e+04 8.51200000e+04
 8.78400000e+04 8.52350000e+04
 8.78800000e+04 8.52750000e+04
 8.78650000e+04 8.53450000e+04
 8.79350000e+04 8.55550000e+04
 8.80050000e+04 8.56350000e+04
 8.80850000e+04 8.56600000e+04
 8.81900000e+04 8.57450000e+04
 8.82600000e+04 8.57350000e+04
 8.84050000e+04 8.58600000e+04
 8.84450000e+04 8.59500000e+04
 8.85400000e+04 8.60250000e+04
 8.86500000e+04 8.61550000e+04
 8.87600000e+04 8.62600000e+04
 8.88700000e+04 8.64000000e+04
 8.89350000e+04 8.64450000e+04
 8.90700000e+04 8.65800000e+04
 8.92500000e+04 8.66500000e+04
 8.94150000e+04 8.67600000e+04
 8.95050000e+04 8.68450000e+04
 8.95550000e+04 8.69400000e+04
 8.96900000e+04 8.70900000e+04
 8.97700000e+04 8.72300000e+04
 8.97850000e+04 8.72750000e+04
 8.98400000e+04 8.73150000e+04
 8.99000000e+04 8.73950000e+04
 8.99650000e+04 8.73850000e+04
 8.99950000e+04 8.74500000e+04
 8.99750000e+04 8.75300000e+04
 8.99850000e+04 8.76000000e+04
 9.00950000e+04 8.76900000e+04
 9.02200000e+04 8.77250000e+04
 9.03600000e+04 8.77850000e+04
 9.05000000e+04 8.78800000e+04
 9.05900000e+04 8.79400000e+04
 9.05800000e+04 8.80100000e+04
 9.06350000e+04 8.80800000e+04
 9.06300000e+04 8.81400000e+04
 9.08350000e+04 8.82050000e+04
 9.09200000e+04 8.83850000e+04
 9.09800000e+04 8.84850000e+04
 9.10400000e+04 8.86700000e+04
 9.11350000e+04 8.87250000e+04
 9.11950000e+04 8.87750000e+04
 9.13250000e+04 8.88500000e+04
 9.14350000e+04 8.90350000e+04
 9.15250000e+04 8.91500000e+04
 9.15600000e+04 8.91000000e+04
 9.15550000e+04 8.91400000e+04
 9.17150000e+04 8.91900000e+04
 9.18100000e+04 8.94050000e+04
 9.18700000e+04 8.95400000e+04
 9.19400000e+04 8.97600000e+04
 9.20000000e+04 8.98700000e+04
 9.20600000e+04 8.99350000e+04
 9.21700000e+04 9.00550000e+04
 9.22250000e+04 9.01150000e+04
 9.22350000e+04 9.03500000e+04
 9.22900000e+04 9.04600000e+04
 9.22450000e+04 9.05250000e+04
 9.23500000e+04 9.06100000e+04
 9.23800000e+04 9.06600000e+04
 9.24650000e+04 9.06700000e+04
 9.24950000e+04 9.07500000e+04
 9.25850000e+04 9.08600000e+04
 9.27400000e+04 9.09950000e+04
 9.28950000e+04 9.10900000e+04
 9.29400000e+04 9.10850000e+04
 9.29950000e+04 9.11850000e+04
 9.30850000e+04 9.11750000e+04
 9.31600000e+04 9.13500000e+04
 9.32000000e+04 9.13750000e+04
 9.33450000e+04 9.14250000e+04
 9.34000000e+04 9.14850000e+04
 9.34700000e+04 9.15850000e+04
 9.36000000e+04 9.17200000e+04
 9.36800000e+04 9.18650000e+04
 9.37800000e+04 9.19100000e+04
 9.39300000e+04 9.19750000e+04
 9.40050000e+04 9.22100000e+04
 9.41050000e+04 9.23750000e+04
 9.43150000e+04 9.24600000e+04
 9.44250000e+04 9.24750000e+04
 9.44250000e+04 9.24750000e+04
 9.44350000e+04 9.25300000e+04
 9.44900000e+04 9.25550000e+04
 9.46300000e+04 9.26350000e+04
 9.46800000e+04 9.26400000e+04
 9.48250000e+04 9.27500000e+04
 9.49200000e+04 9.28850000e+04
 9.49750000e+04 9.29500000e+04
 9.51300000e+04 9.30300000e+04
 9.53150000e+04 9.31450000e+04
 9.55450000e+04 9.31950000e+04
 9.56000000e+04 9.31750000e+04
 9.57200000e+04 9.32800000e+04
 9.58300000e+04 9.34500000e+04
 9.59500000e+04 9.36600000e+04
 9.60150000e+04 9.37150000e+04
 9.61000000e+04 9.37800000e+04
 9.62350000e+04 9.38900000e+04
 9.62200000e+04 9.39650000e+04
 9.62850000e+04 9.40500000e+04
 9.64400000e+04 9.41700000e+04
 9.65900000e+04 9.42600000e+04
 9.66800000e+04 9.43850000e+04
 9.67550000e+04 9.44950000e+04
 9.69250000e+04 9.45850000e+04
 9.70250000e+04 9.46900000e+04
 9.71000000e+04 9.47050000e+04
 9.73000000e+04 9.47700000e+04
 9.73500000e+04 9.48250000e+04
 9.73800000e+04 9.48950000e+04
 9.74850000e+04 9.50450000e+04
 9.76250000e+04 9.50850000e+04
 9.76450000e+04 9.51600000e+04
 9.77450000e+04 9.52900000e+04
 9.78300000e+04 9.53500000e+04
 9.79400000e+04 9.54450000e+04
 9.79950000e+04 9.54250000e+04
 9.80900000e+04 9.55200000e+04
 9.81300000e+04 9.55250000e+04
 9.82700000e+04 9.56000000e+04
 9.83750000e+04 9.57800000e+04
 9.84300000e+04 9.57600000e+04
 9.85000000e+04 9.58550000e+04
 9.85850000e+04 9.59050000e+04
 9.86050000e+04 9.59450000e+04
 9.87150000e+04 9.60650000e+04
 9.88050000e+04 9.62200000e+04
 9.89200000e+04 9.63350000e+04
 9.89250000e+04 9.64150000e+04
 9.89400000e+04 9.65150000e+04
 9.90500000e+04 9.65550000e+04
 9.90900000e+04 9.66600000e+04
 9.92050000e+04 9.67500000e+04
 9.92800000e+04 9.68700000e+04
 9.94050000e+04 9.69550000e+04
 9.93850000e+04 9.70100000e+04
 9.94250000e+04 9.72000000e+04
 9.95500000e+04 9.74000000e+04
 9.96500000e+04 9.74450000e+04
 9.96500000e+04 9.75050000e+04
 9.96900000e+04 9.76300000e+04
 9.97600000e+04 9.77200000e+04
 9.98250000e+04 9.78800000e+04
 9.98950000e+04 9.79500000e+04
 9.99500000e+04 9.80400000e+04
 1.00025000e+05 9.80950000e+04
 9.99950000e+04 9.81950000e+04
 1.00025000e+05 9.82400000e+04
 1.00050000e+05 9.83400000e+04
 1.00020000e+05 9.83900000e+04
 1.00125000e+05 9.85100000e+04
 1.00235000e+05 9.85900000e+04
 1.00275000e+05 9.86450000e+04
 1.00365000e+05 9.87000000e+04
 1.00415000e+05 9.88500000e+04
 1.00425000e+05 9.88950000e+04
 1.00450000e+05 9.90150000e+04
 1.00555000e+05 9.90900000e+04
 1.00650000e+05 9.92000000e+04
 1.00765000e+05 9.92650000e+04
 1.00810000e+05 9.92600000e+04
 1.00875000e+05 9.92650000e+04
 1.01010000e+05 9.92950000e+04
 1.01085000e+05 9.93200000e+04
 1.01225000e+05 9.93700000e+04
 1.01385000e+05 9.94500000e+04
 1.01505000e+05 9.95200000e+04
 1.01530000e+05 9.97100000e+04
 1.01605000e+05 9.97750000e+04
 1.01675000e+05 9.99100000e+04
 1.01785000e+05 1.00050000e+05
 1.01820000e+05 1.00190000e+05
 1.01845000e+05 1.00240000e+05
 1.01900000e+05 1.00280000e+05
 1.02090000e+05 1.00410000e+05
 1.02160000e+05 1.00420000e+05
 1.02305000e+05 1.00565000e+05
 1.02360000e+05 1.00620000e+05
 1.02515000e+05 1.00680000e+05
 1.02600000e+05 1.00715000e+05
 1.02635000e+05 1.00770000e+05
 1.02700000e+05 1.00910000e+05
 1.02725000e+05 1.01015000e+05
 1.02830000e+05 1.01015000e+05
 1.02885000e+05 1.01030000e+05
 1.02880000e+05 1.01085000e+05
 1.02930000e+05 1.01235000e+05
 1.02995000e+05 1.01420000e+05
 1.03075000e+05 1.01525000e+05
 1.03170000e+05 1.01530000e+05
 1.03340000e+05 1.01580000e+05
 1.03405000e+05 1.01695000e+05
 1.03495000e+05 1.01805000e+05
 1.03565000e+05 1.01860000e+05
 1.03640000e+05 1.02020000e+05
 1.03735000e+05 1.02090000e+05
 1.03760000e+05 1.02135000e+05
 1.03880000e+05 1.02160000e+05
 1.03895000e+05 1.02230000e+05
 1.04060000e+05 1.02345000e+05
 1.04110000e+05 1.02515000e+05
 1.04135000e+05 1.02580000e+05
 1.04175000e+05 1.02735000e+05
 1.04230000e+05 1.02735000e+05
 1.04335000e+05 1.02850000e+05
 1.04485000e+05 1.02915000e+05
 1.04555000e+05 1.02975000e+05
 1.04595000e+05 1.03115000e+05
 1.04625000e+05 1.03290000e+05
 1.04770000e+05 1.03385000e+05
 1.04810000e+05 1.03530000e+05
 1.04815000e+05 1.03605000e+05
 1.04940000e+05 1.03720000e+05
 1.04940000e+05 1.03765000e+05
 1.04925000e+05 1.03830000e+05
 1.05000000e+05 1.03825000e+05
 1.05055000e+05 1.03905000e+05
 1.05060000e+05 1.04005000e+05
 1.05215000e+05 1.04005000e+05
 1.05375000e+05 1.04045000e+05
 1.05535000e+05 1.04115000e+05
 1.05575000e+05 1.04190000e+05
 1.05630000e+05 1.04290000e+05
 1.05725000e+05 1.04405000e+05
 1.05755000e+05 1.04505000e+05
 1.05850000e+05 1.04610000e+05
 1.05905000e+05 1.04660000e+05
 1.06005000e+05 1.04845000e+05
 1.05985000e+05 1.04890000e+05
 1.06090000e+05 1.05020000e+05
 1.06125000e+05 1.05090000e+05
 1.06230000e+05 1.05170000e+05
 1.06280000e+05 1.05255000e+05
 1.06380000e+05 1.05350000e+05
 1.06485000e+05 1.05435000e+05
 1.06525000e+05 1.05515000e+05
 1.06580000e+05 1.05660000e+05
 1.06650000e+05 1.05705000e+05
 1.06650000e+05 1.05750000e+05
 1.06710000e+05 1.05865000e+05
 1.06780000e+05 1.05865000e+05
 1.06805000e+05 1.05925000e+05
 1.06870000e+05 1.05980000e+05
 1.06915000e+05 1.06020000e+05
 1.06990000e+05 1.06200000e+05
 1.07055000e+05 1.06250000e+05
 1.07120000e+05 1.06395000e+05
 1.07270000e+05 1.06475000e+05
 1.07355000e+05 1.06550000e+05
 1.07420000e+05 1.06520000e+05
 1.07630000e+05 1.06605000e+05
 1.07675000e+05 1.06695000e+05
 1.07760000e+05 1.06745000e+05
 1.07715000e+05 1.06790000e+05
 1.07845000e+05 1.06890000e+05
 1.07950000e+05 1.06965000e+05
 1.08075000e+05 1.07025000e+05
 1.08210000e+05 1.07110000e+05
 1.08335000e+05 1.07245000e+05
 1.08370000e+05 1.07295000e+05
 1.08385000e+05 1.07455000e+05
 1.08470000e+05 1.07505000e+05
 1.08575000e+05 1.07665000e+05
 1.08630000e+05 1.07660000e+05
 1.08785000e+05 1.07760000e+05
 1.08845000e+05 1.07855000e+05
 1.08935000e+05 1.07945000e+05
 1.09130000e+05 1.08000000e+05
 1.09290000e+05 1.08090000e+05
 1.09345000e+05 1.08265000e+05
 1.09475000e+05 1.08315000e+05
 1.09565000e+05 1.08380000e+05
 1.09590000e+05 1.08415000e+05
 1.09635000e+05 1.08450000e+05
 1.09725000e+05 1.08500000e+05
 1.09765000e+05 1.08485000e+05
 1.09885000e+05 1.08520000e+05
 1.09865000e+05 1.08570000e+05
 1.09915000e+05 1.08665000e+05
 1.09925000e+05 1.08725000e+05
 1.10020000e+05 1.08780000e+05
 1.10085000e+05 1.08795000e+05
 1.10165000e+05 1.08850000e+05
 1.10245000e+05 1.08910000e+05
 1.10290000e+05 1.08940000e+05
 1.10390000e+05 1.08940000e+05
 1.10390000e+05 1.08995000e+05
 1.10500000e+05 1.09075000e+05
 1.10585000e+05 1.09060000e+05
 1.10720000e+05 1.09145000e+05
 1.10800000e+05 1.09300000e+05
 1.10880000e+05 1.09300000e+05
 1.10860000e+05 1.09375000e+05
 1.10965000e+05 1.09535000e+05
 1.11020000e+05 1.09530000e+05
 1.11140000e+05 1.09610000e+05
 1.11230000e+05 1.09620000e+05
 1.11325000e+05 1.09640000e+05
 1.11390000e+05 1.09620000e+05
 1.11510000e+05 1.09680000e+05
 1.11535000e+05 1.09730000e+05
 1.11690000e+05 1.09825000e+05
 1.11750000e+05 1.09875000e+05
 1.11825000e+05 1.09860000e+05
 1.11885000e+05 1.09915000e+05
 1.11980000e+05 1.09965000e+05
 1.12025000e+05 1.09945000e+05
 1.12095000e+05 1.10110000e+05
 1.12155000e+05 1.10160000e+05
 1.12170000e+05 1.10250000e+05
 1.12245000e+05 1.10405000e+05
 1.12325000e+05 1.10550000e+05
 1.12505000e+05 1.10685000e+05
 1.12650000e+05 1.10780000e+05
 1.12795000e+05 1.10855000e+05
 1.12940000e+05 1.10925000e+05
 1.12910000e+05 1.11010000e+05
 1.12960000e+05 1.11080000e+05
 1.13030000e+05 1.11215000e+05
 1.13135000e+05 1.11370000e+05
 1.13230000e+05 1.11390000e+05
 1.13465000e+05 1.11435000e+05
 1.13520000e+05 1.11450000e+05
 1.13615000e+05 1.11455000e+05
 1.13655000e+05 1.11595000e+05
 1.13790000e+05 1.11720000e+05
 1.13770000e+05 1.11845000e+05
 1.13980000e+05 1.11960000e+05
 1.14115000e+05 1.12065000e+05
 1.14235000e+05 1.12180000e+05
 1.14370000e+05 1.12330000e+05
 1.14440000e+05 1.12365000e+05
 1.14655000e+05 1.12505000e+05
 1.14780000e+05 1.12665000e+05
 1.14895000e+05 1.12735000e+05
 1.15055000e+05 1.12815000e+05
 1.15150000e+05 1.12855000e+05
 1.15230000e+05 1.12945000e+05
 1.15220000e+05 1.12990000e+05
 1.15290000e+05 1.13015000e+05
 1.15470000e+05 1.13100000e+05
 1.15415000e+05 1.13145000e+05
 1.15465000e+05 1.13090000e+05
 1.15525000e+05 1.13210000e+05
 1.15595000e+05 1.13345000e+05
 1.15600000e+05 1.13435000e+05
 1.15800000e+05 1.13480000e+05
 1.15880000e+05 1.13560000e+05
 1.15925000e+05 1.13675000e+05
 1.15940000e+05 1.13745000e+05
 1.15985000e+05 1.13805000e+05
 1.16205000e+05 1.13880000e+05
 1.16270000e+05 1.13915000e+05
 1.16260000e+05 1.13965000e+05
 1.16265000e+05 1.14020000e+05
 1.16310000e+05 1.14165000e+05
 1.16450000e+05 1.14315000e+05
 1.16485000e+05 1.14455000e+05
 1.16525000e+05 1.14525000e+05
 1.16600000e+05 1.14575000e+05
 1.16665000e+05 1.14525000e+05
 1.16900000e+05 1.14725000e+05
 1.16975000e+05 1.14735000e+05
 1.17020000e+05 1.14805000e+05
 1.17085000e+05 1.14900000e+05
 1.17175000e+05 1.14935000e+05
 1.17245000e+05 1.14960000e+05
 1.17520000e+05 1.14980000e+05
 1.17600000e+05 1.15045000e+05
 1.17825000e+05 1.15090000e+05
 1.17875000e+05 1.15090000e+05
 1.17990000e+05 1.15145000e+05
 1.18200000e+05 1.15215000e+05
 1.18310000e+05 1.15375000e+05
 1.18370000e+05 1.15360000e+05
 1.18515000e+05 1.15440000e+05
 1.18555000e+05 1.15480000e+05
 1.18660000e+05 1.15560000e+05
 1.18730000e+05 1.15540000e+05
 1.18805000e+05 1.15580000e+05
 1.18795000e+05 1.15635000e+05
 1.18845000e+05 1.15770000e+05
 1.18875000e+05 1.15970000e+05
 1.19095000e+05 1.15975000e+05
 1.19140000e+05 1.16025000e+05
 1.19180000e+05 1.16115000e+05
 1.19195000e+05 1.16165000e+05
 1.19240000e+05 1.16315000e+05
 1.19285000e+05 1.16320000e+05
 1.19350000e+05 1.16385000e+05
 1.19470000e+05 1.16500000e+05
 1.19615000e+05 1.16575000e+05
 1.19725000e+05 1.16600000e+05
 1.19775000e+05 1.16645000e+05
 1.19795000e+05 1.16735000e+05
 1.19885000e+05 1.16805000e+05
 1.19920000e+05 1.16795000e+05
 1.19975000e+05 1.16830000e+05
 1.20115000e+05 1.16845000e+05
 1.20150000e+05 1.16955000e+05
 1.20270000e+05 1.17140000e+05
 1.20340000e+05 1.17250000e+05
 1.20505000e+05 1.17290000e+05
 1.20555000e+05 1.17420000e+05
 1.20645000e+05 1.17475000e+05
 1.20685000e+05 1.17570000e+05
 1.20750000e+05 1.17710000e+05
 1.20890000e+05 1.17875000e+05
 1.20920000e+05 1.17925000e+05
 1.20955000e+05 1.17920000e+05
 1.21200000e+05 1.17970000e+05
 1.21265000e+05 1.18125000e+05
 1.21270000e+05 1.18180000e+05
 1.21280000e+05 1.18220000e+05
 1.21310000e+05 1.18270000e+05
 1.21565000e+05 1.18215000e+05
 1.21650000e+05 1.18265000e+05
 1.21725000e+05 1.18315000e+05
 1.21820000e+05 1.18320000e+05
 1.21870000e+05 1.18305000e+05
 1.22035000e+05 1.18350000e+05
 1.22190000e+05 1.18410000e+05
 1.22420000e+05 1.18440000e+05
 1.22525000e+05 1.18530000e+05
 1.22595000e+05 1.18570000e+05
 1.22655000e+05 1.18585000e+05
 1.22745000e+05 1.18615000e+05
 1.22790000e+05 1.18665000e+05
 1.22875000e+05 1.18715000e+05
 1.23035000e+05 1.18785000e+05
 1.23070000e+05 1.18775000e+05
 1.23100000e+05 1.18890000e+05
 1.23110000e+05 1.18975000e+05
 1.23150000e+05 1.19150000e+05
 1.23310000e+05 1.19225000e+05
 1.23365000e+05 1.19290000e+05
 1.23525000e+05 1.19370000e+05
 1.23720000e+05 1.19415000e+05
 1.23825000e+05 1.19465000e+05
 1.23830000e+05 1.19525000e+05
 1.23970000e+05 1.19655000e+05
 1.23995000e+05 1.19865000e+05
 1.24150000e+05 1.19995000e+05
 1.24185000e+05 1.20065000e+05
 1.24285000e+05 1.20110000e+05
 1.24345000e+05 1.20245000e+05
 1.24405000e+05 1.20460000e+05
 1.24555000e+05 1.20560000e+05
 1.24630000e+05 1.20625000e+05
 1.24770000e+05 1.20695000e+05
 1.24905000e+05 1.20760000e+05
 1.25005000e+05 1.20800000e+05
 1.25145000e+05 1.20975000e+05
 1.25120000e+05 1.21040000e+05
 1.25180000e+05 1.21160000e+05
 1.25240000e+05 1.21275000e+05
 1.25280000e+05 1.21315000e+05
 1.25415000e+05 1.21410000e+05
 1.25485000e+05 1.21560000e+05
 1.25585000e+05 1.21645000e+05
 1.25610000e+05 1.21690000e+05
 1.25690000e+05 1.21760000e+05
 1.25860000e+05 1.21860000e+05
 1.25865000e+05 1.21940000e+05
 1.25920000e+05 1.21955000e+05
 1.26075000e+05 1.22020000e+05
 1.26170000e+05 1.22165000e+05
 1.26235000e+05 1.22130000e+05
 1.26355000e+05 1.22170000e+05
 1.26390000e+05 1.22225000e+05
 1.26400000e+05 1.22270000e+05
 1.26385000e+05 1.22405000e+05
 1.26490000e+05 1.22600000e+05
 1.26680000e+05 1.22620000e+05
 1.26900000e+05 1.22680000e+05
 1.27050000e+05 1.22785000e+05
 1.27230000e+05 1.22860000e+05
 1.27305000e+05 1.22835000e+05
 1.27375000e+05 1.22930000e+05
 1.27470000e+05 1.22985000e+05
 1.27530000e+05 1.23110000e+05
 1.27530000e+05 1.23175000e+05
 1.27620000e+05 1.23290000e+05
 1.27615000e+05 1.23360000e+05
 1.27665000e+05 1.23430000e+05
 1.27775000e+05 1.23560000e+05
 1.27805000e+05 1.23610000e+05
 1.27905000e+05 1.23680000e+05
 1.27845000e+05 1.23740000e+05
 1.27855000e+05 1.23805000e+05
 1.27875000e+05 1.23845000e+05
 1.27930000e+05 1.23910000e+05
 1.28055000e+05 1.24000000e+05
 1.28105000e+05 1.23945000e+05
 1.28250000e+05 1.24030000e+05
 1.28320000e+05 1.24100000e+05
 1.28325000e+05 1.24150000e+05
 1.28415000e+05 1.24265000e+05
 1.28410000e+05 1.24335000e+05
 1.28460000e+05 1.24405000e+05
 1.28570000e+05 1.24535000e+05
 1.28600000e+05 1.24585000e+05
 1.28700000e+05 1.24655000e+05
 1.28840000e+05 1.24745000e+05
 1.28965000e+05 1.24850000e+05
 1.29035000e+05 1.24965000e+05
 1.29200000e+05 1.25060000e+05
 1.29265000e+05 1.25165000e+05
 1.29345000e+05 1.25270000e+05
 1.29485000e+05 1.25360000e+05
 1.29610000e+05 1.25465000e+05
 1.29680000e+05 1.25580000e+05
 1.29845000e+05 1.25675000e+05
 1.29910000e+05 1.25780000e+05
 1.29990000e+05 1.25885000e+05
 1.30055000e+05 1.25955000e+05
 1.30145000e+05 1.26090000e+05
 1.30310000e+05 1.26220000e+05
 1.30350000e+05 1.26250000e+05
 1.30445000e+05 1.26400000e+05
 1.30480000e+05 1.26535000e+05
 1.30525000e+05 1.26570000e+05
 1.30630000e+05 1.26670000e+05
 1.30755000e+05 1.26745000e+05
 1.30840000e+05 1.26820000e+05
 1.30910000e+05 1.26865000e+05
 1.30990000e+05 1.26960000e+05
 1.30955000e+05 1.26995000e+05
 1.31010000e+05 1.27040000e+05
 1.31205000e+05 1.27090000e+05
 1.31260000e+05 1.27255000e+05
 1.31305000e+05 1.27340000e+05
 1.31305000e+05 1.27410000e+05
 1.31375000e+05 1.27465000e+05
 1.31430000e+05 1.27560000e+05
 1.31480000e+05 1.27500000e+05
 1.31590000e+05 1.27590000e+05
 1.31755000e+05 1.27670000e+05
 1.31865000e+05 1.27715000e+05
 1.31910000e+05 1.27815000e+05
 1.31990000e+05 1.27865000e+05
 1.32100000e+05 1.27985000e+05
 1.32185000e+05 1.28120000e+05
 1.32250000e+05 1.28235000e+05
 1.32350000e+05 1.28320000e+05
 1.32440000e+05 1.28440000e+05
 1.32490000e+05 1.28520000e+05
 1.32580000e+05 1.28570000e+05
 1.32765000e+05 1.28645000e+05
 1.32750000e+05 1.28700000e+05
 1.32785000e+05 1.28830000e+05
 1.32845000e+05 1.28890000e+05
 1.32865000e+05 1.28970000e+05
 1.32845000e+05 1.29065000e+05
 1.32895000e+05 1.29130000e+05
 1.33030000e+05 1.29175000e+05
 1.33100000e+05 1.29275000e+05
 1.33190000e+05 1.29365000e+05
 1.33330000e+05 1.29480000e+05
 1.33410000e+05 1.29550000e+05
 1.33460000e+05 1.29535000e+05
 1.33510000e+05 1.29610000e+05
 1.33535000e+05 1.29680000e+05
 1.33585000e+05 1.29750000e+05
 1.33605000e+05 1.29785000e+05
 1.33730000e+05 1.29860000e+05
 1.33795000e+05 1.29940000e+05
 1.33800000e+05 1.29995000e+05
 1.33870000e+05 1.30045000e+05
 1.33935000e+05 1.30050000e+05
 1.34080000e+05 1.30110000e+05
 1.34165000e+05 1.30195000e+05
 1.34205000e+05 1.30270000e+05
 1.34320000e+05 1.30390000e+05
 1.34375000e+05 1.30605000e+05
 1.34380000e+05 1.30665000e+05
 1.34440000e+05 1.30655000e+05
 1.34620000e+05 1.30720000e+05
 1.34650000e+05 1.30820000e+05
 1.34715000e+05 1.30965000e+05
 1.34790000e+05 1.31000000e+05
 1.34855000e+05 1.31040000e+05
 1.35015000e+05 1.31160000e+05
 1.35080000e+05 1.31210000e+05
 1.35220000e+05 1.31380000e+05
 1.35300000e+05 1.31535000e+05
 1.35335000e+05 1.31515000e+05
 1.35380000e+05 1.31590000e+05
 1.35450000e+05 1.31690000e+05
 1.35565000e+05 1.31840000e+05
 1.35650000e+05 1.31990000e+05
 1.35700000e+05 1.32115000e+05
 1.35750000e+05 1.32175000e+05
 1.35865000e+05 1.32280000e+05
 1.35910000e+05 1.32370000e+05
 1.35950000e+05 1.32400000e+05
 1.36030000e+05 1.32470000e+05
 1.36125000e+05 1.32530000e+05
 1.36330000e+05 1.32575000e+05
 1.36430000e+05 1.32770000e+05
 1.36425000e+05 1.32820000e+05
 1.36640000e+05 1.32900000e+05
 1.36585000e+05 1.32955000e+05
 1.36735000e+05 1.33010000e+05
 1.36735000e+05 1.33075000e+05
 1.36830000e+05 1.33200000e+05
 1.36975000e+05 1.33365000e+05
 1.36965000e+05 1.33430000e+05
 1.37025000e+05 1.33420000e+05
 1.37080000e+05 1.33560000e+05
 1.37155000e+05 1.33655000e+05
 1.37195000e+05 1.33650000e+05
 1.37375000e+05 1.33770000e+05
 1.37490000e+05 1.33885000e+05
 1.37590000e+05 1.34010000e+05
 1.37685000e+05 1.34050000e+05
 1.37740000e+05 1.34110000e+05
 1.37790000e+05 1.34130000e+05
 1.37820000e+05 1.34240000e+05
 1.37880000e+05 1.34295000e+05
 1.37955000e+05 1.34475000e+05
 1.37955000e+05 1.34595000e+05
 1.37895000e+05 1.34660000e+05
 1.37955000e+05 1.34735000e+05
 1.37925000e+05 1.34790000e+05
 1.38130000e+05 1.34815000e+05
 1.38220000e+05 1.34970000e+05
 1.38155000e+05 1.35030000e+05
 1.38190000e+05 1.35145000e+05
 1.38270000e+05 1.35160000e+05
 1.38390000e+05 1.35195000e+05
 1.38490000e+05 1.35255000e+05
 1.38555000e+05 1.35310000e+05
 1.38590000e+05 1.35410000e+05
 1.38685000e+05 1.35525000e+05
 1.38735000e+05 1.35595000e+05
 1.38785000e+05 1.35560000e+05
 1.38840000e+05 1.35610000e+05
 1.38825000e+05 1.35685000e+05
 1.38910000e+05 1.35745000e+05
 1.39085000e+05 1.35800000e+05
 1.39150000e+05 1.35805000e+05
 1.39255000e+05 1.35910000e+05
 1.39290000e+05 1.35940000e+05
 1.39380000e+05 1.36050000e+05
 1.39495000e+05 1.36090000e+05
 1.39550000e+05 1.36225000e+05
 1.39640000e+05 1.36275000e+05
 1.39650000e+05 1.36330000e+05
 1.39830000e+05 1.36475000e+05
 1.39880000e+05 1.36580000e+05
 1.39895000e+05 1.36615000e+05
 1.40025000e+05 1.36660000e+05
 1.40025000e+05 1.36715000e+05
 1.40050000e+05 1.36770000e+05
 1.40220000e+05 1.36800000e+05
 1.40245000e+05 1.36860000e+05
 1.40305000e+05 1.36880000e+05
 1.40365000e+05 1.36885000e+05
 1.40445000e+05 1.36960000e+05
 1.40615000e+05 1.37080000e+05
 1.40660000e+05 1.37085000e+05
 1.40605000e+05 1.37185000e+05
 1.40660000e+05 1.37310000e+05
 1.40700000e+05 1.37485000e+05
 1.40755000e+05 1.37550000e+05
 1.40810000e+05 1.37690000e+05
 1.40900000e+05 1.37805000e+05
 1.40980000e+05 1.37770000e+05
 1.41110000e+05 1.37825000e+05
 1.41220000e+05 1.37860000e+05
 1.41265000e+05 1.37925000e+05
 1.41390000e+05 1.38005000e+05
 1.41325000e+05 1.38075000e+05
 1.41365000e+05 1.38080000e+05
 1.41415000e+05 1.38180000e+05
 1.41460000e+05 1.38130000e+05
 1.41555000e+05 1.38170000e+05
 1.41595000e+05 1.38235000e+05
 1.41785000e+05 1.38315000e+05
 1.41965000e+05 1.38445000e+05
 1.42015000e+05 1.38460000e+05
 1.42150000e+05 1.38560000e+05
 1.42205000e+05 1.38650000e+05
 1.42270000e+05 1.38735000e+05
 1.42340000e+05 1.38820000e+05
 1.42455000e+05 1.39000000e+05
 1.42505000e+05 1.39090000e+05
 1.42720000e+05 1.39060000e+05
 1.42820000e+05 1.39165000e+05
 1.42890000e+05 1.39235000e+05
 1.43045000e+05 1.39330000e+05
 1.43090000e+05 1.39460000e+05
 1.43155000e+05 1.39590000e+05
 1.43160000e+05 1.39625000e+05
 1.43210000e+05 1.39615000e+05
 1.43175000e+05 1.39665000e+05
 1.43255000e+05 1.39805000e+05
 1.43380000e+05 1.39960000e+05
 1.43435000e+05 1.40040000e+05
 1.43530000e+05 1.40055000e+05
 1.43530000e+05 1.40105000e+05
 1.43535000e+05 1.40170000e+05
 1.43585000e+05 1.40235000e+05
 1.43755000e+05 1.40355000e+05
 1.43825000e+05 1.40560000e+05
 1.43935000e+05 1.40640000e+05
 1.43940000e+05 1.40695000e+05
 1.43970000e+05 1.40775000e+05
 1.44070000e+05 1.40970000e+05
 1.44135000e+05 1.41120000e+05
 1.44265000e+05 1.41275000e+05
 1.44395000e+05 1.41455000e+05
 1.44435000e+05 1.41575000e+05
 1.44480000e+05 1.41790000e+05
 1.44540000e+05 1.41795000e+05
 1.44615000e+05 1.41930000e+05
 1.44670000e+05 1.42015000e+05
 1.44875000e+05 1.42125000e+05
 1.44870000e+05 1.42195000e+05
 1.44945000e+05 1.42200000e+05
 1.44990000e+05 1.42345000e+05
 1.45080000e+05 1.42470000e+05
 1.45180000e+05 1.42480000e+05
 1.45280000e+05 1.42560000e+05
 1.45325000e+05 1.42615000e+05
 1.45415000e+05 1.42810000e+05
 1.45500000e+05 1.42985000e+05
 1.45590000e+05 1.43085000e+05
 1.45625000e+05 1.43095000e+05
 1.45780000e+05 1.43245000e+05
 1.45860000e+05 1.43285000e+05
 1.45890000e+05 1.43345000e+05
 1.45945000e+05 1.43445000e+05
 1.46000000e+05 1.43515000e+05
 1.46080000e+05 1.43575000e+05
 1.46120000e+05 1.43600000e+05
 1.46195000e+05 1.43645000e+05
 1.46235000e+05 1.43680000e+05
 1.46315000e+05 1.43695000e+05
 1.46400000e+05 1.43790000e+05
 1.46495000e+05 1.43875000e+05
 1.46560000e+05 1.43995000e+05
 1.46675000e+05 1.44055000e+05
 1.46725000e+05 1.44085000e+05
 1.46875000e+05 1.44185000e+05
 1.46925000e+05 1.44240000e+05
 1.46905000e+05 1.44295000e+05
 1.47065000e+05 1.44330000e+05
 1.47165000e+05 1.44425000e+05
 1.47320000e+05 1.44525000e+05
 1.47380000e+05 1.44580000e+05
 1.47330000e+05 1.44640000e+05
 1.47555000e+05 1.44720000e+05
 1.47590000e+05 1.44780000e+05
 1.47625000e+05 1.44855000e+05
 1.47690000e+05 1.44910000e+05
 1.47680000e+05 1.45005000e+05
 1.47780000e+05 1.45125000e+05
 1.47775000e+05 1.45285000e+05
 1.47855000e+05 1.45370000e+05
 1.47915000e+05 1.45425000e+05
 1.47975000e+05 1.45640000e+05
 1.48015000e+05 1.45590000e+05
 1.48080000e+05 1.45700000e+05
 1.48135000e+05 1.45745000e+05
 1.48205000e+05 1.45810000e+05
 1.48300000e+05 1.45855000e+05
 1.48365000e+05 1.45855000e+05
 1.48455000e+05 1.45935000e+05
 1.48585000e+05 1.45970000e+05
 1.48700000e+05 1.46085000e+05
 1.48805000e+05 1.46140000e+05
 1.48870000e+05 1.46180000e+05
 1.48935000e+05 1.46375000e+05
 1.49015000e+05 1.46470000e+05
 1.49080000e+05 1.46515000e+05
 1.49125000e+05 1.46530000e+05
 1.49165000e+05 1.46560000e+05
 1.49210000e+05 1.46690000e+05
 1.49245000e+05 1.46810000e+05
 1.49315000e+05 1.46960000e+05
 1.49295000e+05 1.46995000e+05
 1.49435000e+05 1.47145000e+05
 1.49445000e+05 1.47215000e+05
 1.49535000e+05 1.47270000e+05
 1.49640000e+05 1.47325000e+05
 1.49630000e+05 1.47390000e+05
 1.49770000e+05 1.47525000e+05
 1.49855000e+05 1.47670000e+05
 1.49940000e+05 1.47750000e+05
 1.50030000e+05 1.47775000e+05
 1.50125000e+05 1.47830000e+05
 1.50200000e+05 1.47920000e+05
 1.50365000e+05 1.47965000e+05
 1.50445000e+05 1.48060000e+05
 1.50555000e+05 1.48155000e+05
 1.50620000e+05 1.48205000e+05
 1.50685000e+05 1.48335000e+05
 1.50730000e+05 1.48520000e+05
 1.50895000e+05 1.48565000e+05
 1.51000000e+05 1.48680000e+05
 1.51025000e+05 1.48855000e+05
 1.51070000e+05 1.48920000e+05
 1.51130000e+05 1.48945000e+05
 1.51180000e+05 1.49060000e+05
 1.51160000e+05 1.49135000e+05
 1.51220000e+05 1.49175000e+05
 1.51310000e+05 1.49285000e+05
 1.51585000e+05 1.49335000e+05
 1.51620000e+05 1.49420000e+05
 1.51735000e+05 1.49530000e+05
 1.51755000e+05 1.49580000e+05
 1.51775000e+05 1.49625000e+05
 1.51790000e+05 1.49840000e+05
 1.51865000e+05 1.49890000e+05
 1.51960000e+05 1.50005000e+05
 1.52045000e+05 1.50175000e+05
 1.52115000e+05 1.50285000e+05
 1.52335000e+05 1.50340000e+05
 1.52435000e+05 1.50390000e+05
 1.52515000e+05 1.50380000e+05
 1.52510000e+05 1.50435000e+05
 1.52555000e+05 1.50490000e+05
 1.52590000e+05 1.50535000e+05
 1.52715000e+05 1.50650000e+05
 1.52780000e+05 1.50690000e+05
 1.52875000e+05 1.50795000e+05
 1.52920000e+05 1.50815000e+05
 1.53035000e+05 1.50840000e+05
 1.53080000e+05 1.50825000e+05
 1.53115000e+05 1.50910000e+05
 1.53190000e+05 1.50975000e+05
 1.53230000e+05 1.51060000e+05
 1.53360000e+05 1.51205000e+05
 1.53405000e+05 1.51250000e+05
 1.53535000e+05 1.51355000e+05
 1.53600000e+05 1.51435000e+05
 1.53735000e+05 1.51495000e+05
 1.53805000e+05 1.51605000e+05
 1.53895000e+05 1.51695000e+05
 1.54055000e+05 1.51780000e+05
 1.54120000e+05 1.51960000e+05
 1.54140000e+05 1.52020000e+05
 1.54165000e+05 1.52095000e+05
 1.54200000e+05 1.52205000e+05
 1.54260000e+05 1.52265000e+05
 1.54280000e+05 1.52315000e+05
 1.54320000e+05 1.52365000e+05
 1.54435000e+05 1.52400000e+05
 1.54505000e+05 1.52480000e+05
 1.54640000e+05 1.52555000e+05
 1.54760000e+05 1.52680000e+05
 1.54835000e+05 1.52745000e+05
 1.54840000e+05 1.52810000e+05
 1.54810000e+05 1.52865000e+05
 1.54890000e+05 1.52945000e+05
 1.54880000e+05 1.52985000e+05
 1.55010000e+05 1.53125000e+05
 1.55080000e+05 1.53195000e+05
 1.55165000e+05 1.53210000e+05
 1.55205000e+05 1.53195000e+05
 1.55280000e+05 1.53340000e+05
 1.55355000e+05 1.53425000e+05
 1.55490000e+05 1.53515000e+05
 1.55525000e+05 1.53610000e+05
 1.55655000e+05 1.53690000e+05
 1.55730000e+05 1.53900000e+05
 1.55785000e+05 1.54050000e+05
 1.55820000e+05 1.54085000e+05
 1.55815000e+05 1.54140000e+05
 1.56050000e+05 1.54230000e+05
 1.56130000e+05 1.54295000e+05
 1.56285000e+05 1.54360000e+05
 1.56390000e+05 1.54455000e+05
 1.56435000e+05 1.54445000e+05
 1.56470000e+05 1.54550000e+05
 1.56600000e+05 1.54695000e+05
 1.56645000e+05 1.54740000e+05
 1.56695000e+05 1.54825000e+05
 1.56810000e+05 1.54825000e+05
 1.56930000e+05 1.54865000e+05
 1.57055000e+05 1.54950000e+05
 1.57105000e+05 1.54940000e+05
 1.57155000e+05 1.55005000e+05
 1.57205000e+05 1.55020000e+05
 1.57255000e+05 1.54985000e+05
 1.57220000e+05 1.55035000e+05
 1.57300000e+05 1.55185000e+05
 1.57450000e+05 1.55220000e+05
 1.57495000e+05 1.55380000e+05
 1.57555000e+05 1.55475000e+05
 1.57645000e+05 1.55510000e+05
 1.57705000e+05 1.55555000e+05
 1.57765000e+05 1.55610000e+05
 1.57835000e+05 1.55670000e+05
 1.57870000e+05 1.55645000e+05
 1.57940000e+05 1.55825000e+05
 1.57950000e+05 1.55890000e+05
 1.58015000e+05 1.55920000e+05
 1.58090000e+05 1.55980000e+05
 1.58150000e+05 1.56040000e+05
 1.58105000e+05 1.56110000e+05
 1.58290000e+05 1.56180000e+05
 1.58405000e+05 1.56285000e+05
 1.58575000e+05 1.56455000e+05
 1.58615000e+05 1.56410000e+05
 1.58720000e+05 1.56465000e+05
 1.58760000e+05 1.56585000e+05
 1.58810000e+05 1.56680000e+05
 1.58860000e+05 1.56770000e+05
 1.58890000e+05 1.56835000e+05
 1.58980000e+05 1.56900000e+05
 1.59155000e+05 1.56945000e+05
 1.59260000e+05 1.57020000e+05
 1.59430000e+05 1.57065000e+05
 1.59485000e+05 1.57135000e+05
 1.59665000e+05 1.57155000e+05
 1.59795000e+05 1.57185000e+05
 1.59940000e+05 1.57235000e+05
 1.60015000e+05 1.57300000e+05
 1.60005000e+05 1.57345000e+05
 1.60150000e+05 1.57405000e+05
 1.60235000e+05 1.57490000e+05
 1.60290000e+05 1.57610000e+05
 1.60335000e+05 1.57695000e+05
 1.60495000e+05 1.57730000e+05
 1.60520000e+05 1.57780000e+05
 1.60690000e+05 1.57940000e+05
 1.60765000e+05 1.58005000e+05
 1.60815000e+05 1.58055000e+05
 1.60865000e+05 1.58150000e+05
 1.60915000e+05 1.58135000e+05
 1.60975000e+05 1.58140000e+05
 1.61050000e+05 1.58185000e+05
 1.61030000e+05 1.58235000e+05
 1.61160000e+05 1.58290000e+05
 1.61230000e+05 1.58285000e+05
 1.61370000e+05 1.58365000e+05
 1.61495000e+05 1.58450000e+05
 1.61555000e+05 1.58540000e+05
 1.61700000e+05 1.58575000e+05
 1.61900000e+05 1.58650000e+05
 1.61945000e+05 1.58730000e+05
 1.61995000e+05 1.58735000e+05
 1.62025000e+05 1.58830000e+05
 1.62140000e+05 1.58870000e+05
 1.62165000e+05 1.58930000e+05
 1.62255000e+05 1.59030000e+05
 1.62320000e+05 1.59100000e+05
 1.62465000e+05 1.59180000e+05
 1.62485000e+05 1.59240000e+05
 1.62510000e+05 1.59295000e+05
 1.62550000e+05 1.59455000e+05
 1.62700000e+05 1.59615000e+05
 1.62770000e+05 1.59665000e+05
 1.62740000e+05 1.59710000e+05
 1.62815000e+05 1.59820000e+05
 1.62920000e+05 1.59965000e+05
 1.62990000e+05 1.60115000e+05
 1.63100000e+05 1.60170000e+05
 1.63135000e+05 1.60250000e+05
 1.63130000e+05 1.60320000e+05
 1.63185000e+05 1.60305000e+05
 1.63235000e+05 1.60300000e+05
 1.63350000e+05 1.60340000e+05
 1.63400000e+05 1.60545000e+05
 1.63530000e+05 1.60730000e+05
 1.63620000e+05 1.60775000e+05
 1.63695000e+05 1.60820000e+05
 1.63700000e+05 1.60875000e+05
 1.63775000e+05 1.60925000e+05
 1.63885000e+05 1.60980000e+05
 1.63950000e+05 1.61070000e+05
 1.64045000e+05 1.61155000e+05
 1.64225000e+05 1.61205000e+05
 1.64280000e+05 1.61320000e+05
 1.64320000e+05 1.61415000e+05
 1.64470000e+05 1.61510000e+05
 1.64495000e+05 1.61570000e+05
 1.64665000e+05 1.61590000e+05
 1.64675000e+05 1.61655000e+05
 1.64820000e+05 1.61765000e+05
 1.64830000e+05 1.61815000e+05
 1.64875000e+05 1.61895000e+05
 1.64915000e+05 1.61925000e+05
 1.64900000e+05 1.61980000e+05
 1.65005000e+05 1.62040000e+05
 1.64980000e+05 1.62115000e+05
 1.64980000e+05 1.62170000e+05
 1.65205000e+05 1.62230000e+05
 1.65325000e+05 1.62275000e+05
 1.65390000e+05 1.62355000e+05
 1.65505000e+05 1.62435000e+05
 1.65665000e+05 1.62565000e+05
 1.65690000e+05 1.62610000e+05
 1.65770000e+05 1.62815000e+05
 1.65920000e+05 1.62890000e+05
 1.66090000e+05 1.62935000e+05
 1.66285000e+05 1.63000000e+05
 1.66285000e+05 1.63035000e+05
 1.66410000e+05 1.63120000e+05
 1.66610000e+05 1.63160000e+05
 1.66605000e+05 1.63215000e+05
 1.66565000e+05 1.63265000e+05
 1.66560000e+05 1.63310000e+05
 1.66595000e+05 1.63355000e+05
 1.66660000e+05 1.63435000e+05
 1.66655000e+05 1.63485000e+05
 1.66760000e+05 1.63630000e+05
 1.66915000e+05 1.63680000e+05
 1.66980000e+05 1.63740000e+05
 1.67050000e+05 1.63765000e+05
 1.67040000e+05 1.63835000e+05
 1.67090000e+05 1.63890000e+05
 1.67150000e+05 1.63960000e+05
 1.67255000e+05 1.64020000e+05
 1.67430000e+05 1.64115000e+05
 1.67605000e+05 1.64200000e+05
 1.67680000e+05 1.64330000e+05
 1.67760000e+05 1.64365000e+05
 1.67990000e+05 1.64440000e+05
 1.68045000e+05 1.64420000e+05
 1.68080000e+05 1.64595000e+05
 1.68140000e+05 1.64645000e+05
 1.68350000e+05 1.64675000e+05
 1.68450000e+05 1.64790000e+05
 1.68480000e+05 1.64860000e+05
 1.68645000e+05 1.64985000e+05
 1.68730000e+05 1.65090000e+05
 1.68780000e+05 1.65220000e+05
 1.68925000e+05 1.65300000e+05
 1.69075000e+05 1.65335000e+05
 1.69125000e+05 1.65405000e+05
 1.69175000e+05 1.65470000e+05
 1.69235000e+05 1.65550000e+05
 1.69315000e+05 1.65660000e+05
 1.69435000e+05 1.65700000e+05
 1.69415000e+05 1.65775000e+05
 1.69420000e+05 1.65835000e+05
 1.69475000e+05 1.65895000e+05
 1.69510000e+05 1.65985000e+05
 1.69575000e+05 1.66060000e+05
 1.69630000e+05 1.66065000e+05
 1.69710000e+05 1.66050000e+05
 1.69705000e+05 1.66115000e+05
 1.69760000e+05 1.66200000e+05
 1.69825000e+05 1.66230000e+05
 1.69955000e+05 1.66360000e+05
 1.70150000e+05 1.66455000e+05
 1.70260000e+05 1.66570000e+05
 1.70400000e+05 1.66650000e+05
 1.70415000e+05 1.66715000e+05
 1.70495000e+05 1.66800000e+05
 1.70590000e+05 1.66850000e+05
 1.70725000e+05 1.66905000e+05
 1.70830000e+05 1.66905000e+05
 1.70765000e+05 1.67055000e+05
 1.70845000e+05 1.67175000e+05
 1.70905000e+05 1.67285000e+05
 1.70990000e+05 1.67405000e+05
 1.71030000e+05 1.67535000e+05
 1.71095000e+05 1.67700000e+05
 1.71095000e+05 1.67765000e+05
 1.71170000e+05 1.67820000e+05
 1.71135000e+05 1.67795000e+05
 1.71140000e+05 1.67870000e+05
 1.71175000e+05 1.67890000e+05
 1.71265000e+05 1.67990000e+05
 1.71295000e+05 1.68030000e+05
 1.71345000e+05 1.68115000e+05
 1.71415000e+05 1.68185000e+05
 1.71535000e+05 1.68315000e+05
 1.71605000e+05 1.68360000e+05
 1.71670000e+05 1.68395000e+05
 1.71740000e+05 1.68540000e+05
 1.71900000e+05 1.68625000e+05
 1.71920000e+05 1.68740000e+05
 1.72030000e+05 1.68880000e+05
 1.72080000e+05 1.68990000e+05
 1.72160000e+05 1.69250000e+05
 1.72230000e+05 1.69390000e+05
 1.72280000e+05 1.69380000e+05
 1.72415000e+05 1.69435000e+05
 1.72550000e+05 1.69485000e+05
 1.72665000e+05 1.69535000e+05
 1.72810000e+05 1.69550000e+05
 1.72980000e+05 1.69615000e+05
 1.73150000e+05 1.69715000e+05
 1.73120000e+05 1.69785000e+05
 1.73185000e+05 1.69790000e+05
 1.73195000e+05 1.69870000e+05
 1.73185000e+05 1.69985000e+05
 1.73240000e+05 1.70135000e+05
 1.73340000e+05 1.70210000e+05
 1.73380000e+05 1.70260000e+05
 1.73435000e+05 1.70325000e+05
 1.73500000e+05 1.70405000e+05
 1.73615000e+05 1.70445000e+05
 1.73675000e+05 1.70530000e+05
 1.73760000e+05 1.70655000e+05
 1.73905000e+05 1.70690000e+05
 1.73890000e+05 1.70760000e+05
 1.73985000e+05 1.70870000e+05
 1.74215000e+05 1.70960000e+05
 1.74275000e+05 1.71020000e+05
 1.74320000e+05 1.71110000e+05
